Date,Open,High,Low,Close,adjclose,Volume
2008-05-07,25.200000762939453,25.799999237060547,24.799999237060547,25.5,3.004366874694824,38943400
2008-05-08,25.579999923706055,25.829999923706055,24.739999771118164,25.399999618530273,2.992584705352783,12468400
2008-05-09,25.100000381469727,25.399999618530273,24.940000534057617,25.239999771118164,2.973734140396118,9747000
2008-05-12,25.110000610351562,26.850000381469727,25.100000381469727,25.56999969482422,3.0126140117645264,7921800
2008-05-13,25.3799991607666,25.920000076293945,25.200000762939453,25.899999618530273,3.0514941215515137,4518800
2008-05-14,25.5,26.309999465942383,24.600000381469727,26.170000076293945,3.083306074142456,4295600
2008-05-15,25.75,26.40999984741211,25.579999923706055,26.030000686645508,3.066810369491577,3969300
2008-05-16,25.860000610351562,26.75,25.670000076293945,26.5,3.122185468673706,11418200
2008-05-19,26.149999618530273,26.450000762939453,25.969999313354492,26.06999969482422,3.071523666381836,5645100
2008-05-20,25.700000762939453,25.940000534057617,25.0,25.549999237060547,3.0102577209472656,8338100
2008-05-21,25.3700008392334,25.780000686645508,25.260000228881836,25.510000228881836,3.005545139312744,1729100
2008-05-22,25.139999389648438,26.1299991607666,25.1200008392334,25.719999313354492,3.0302865505218506,7980000
2008-05-23,25.520000457763672,25.719999313354492,25.260000228881836,25.420000076293945,2.994941473007202,2421100
2008-05-27,25.360000610351562,25.530000686645508,25.1200008392334,25.3799991607666,2.9902284145355225,1899300
2008-05-28,25.219999313354492,25.469999313354492,25.049999237060547,25.209999084472656,2.970198392868042,5346300
2008-05-29,25.010000228881836,25.139999389648438,24.850000381469727,24.950000762939453,2.939567804336548,6850900
2008-05-30,24.81999969482422,25.469999313354492,24.770000457763672,25.18000030517578,2.9666640758514404,5456400
2008-06-02,24.969999313354492,25.06999969482422,24.110000610351562,24.1200008392334,2.8417787551879883,2692600
2008-06-03,23.799999237060547,24.25,23.59000015258789,24.200000762939453,2.851203203201294,4636400
2008-06-04,23.950000762939453,24.190000534057617,23.8799991607666,23.899999618530273,2.815857172012329,2871200
2008-06-05,24.799999237060547,26.3799991607666,24.700000762939453,25.559999465942383,3.0114359855651855,10802100
2008-06-06,25.1200008392334,25.3700008392334,24.93000030517578,24.979999542236328,2.9431002140045166,4040900
2008-06-09,24.799999237060547,25.299999237060547,24.690000534057617,24.969999313354492,2.941922426223755,2018400
2008-06-10,24.8799991607666,25.100000381469727,24.850000381469727,24.93000030517578,2.9372105598449707,3237600
2008-06-11,24.979999542236328,24.979999542236328,24.059999465942383,24.329999923706055,2.8665194511413574,2352300
2008-06-12,24.770000457763672,24.850000381469727,24.0,24.18000030517578,2.848846912384033,1885800
2008-06-13,24.149999618530273,24.729999542236328,24.030000686645508,24.670000076293945,2.9065780639648438,2718300
2008-06-16,24.729999542236328,24.770000457763672,23.5,23.709999084472656,2.7934722900390625,2799100
2008-06-17,23.719999313354492,23.739999771118164,23.219999313354492,23.459999084472656,2.764016628265381,3945100
2008-06-18,23.100000381469727,24.0,23.059999465942383,23.790000915527344,2.802898406982422,1883200
2008-06-19,23.850000381469727,24.010000228881836,23.399999618530273,23.889999389648438,2.8146793842315674,2262100
2008-06-20,23.350000381469727,24.0,23.31999969482422,24.0,2.827639102935791,2339500
2008-06-23,24.0,24.0,23.559999465942383,23.600000381469727,2.7805120944976807,1562800
2008-06-24,23.25,23.25,22.200000762939453,22.540000915527344,2.6556241512298584,4845600
2008-06-25,22.329999923706055,22.8799991607666,22.290000915527344,22.540000915527344,2.6556241512298584,2268100
2008-06-26,22.149999618530273,22.559999465942383,22.06999969482422,22.170000076293945,2.6120316982269287,2938500
2008-06-27,22.020000457763672,22.079999923706055,21.520000457763672,21.600000381469727,2.5448756217956543,3329000
2008-06-30,21.579999923706055,21.579999923706055,20.6200008392334,20.979999542236328,2.471827983856201,3048100
2008-07-01,20.799999237060547,20.84000015258789,20.030000686645508,20.600000381469727,2.4270572662353516,3516700
2008-07-02,20.90999984741211,21.489999771118164,20.790000915527344,21.34000015258789,2.514242649078369,1593500
2008-07-03,21.209999084472656,21.34000015258789,20.540000915527344,20.940000534057617,2.4671151638031006,1530400
2008-07-07,21.049999237060547,21.56999969482422,20.940000534057617,21.31999969482422,2.5118861198425293,1491700
2008-07-08,21.149999618530273,21.90999984741211,21.1299991607666,21.5,2.5330936908721924,3116200
2008-07-09,21.59000015258789,21.780000686645508,21.510000228881836,21.649999618530273,2.550767183303833,1155500
2008-07-10,21.969999313354492,22.020000457763672,21.459999084472656,21.850000381469727,2.5743300914764404,1238400
2008-07-11,21.420000076293945,21.969999313354492,21.229999542236328,21.639999389648438,2.5495872497558594,1310900
2008-07-14,21.899999618530273,22.139999389648438,21.399999618530273,21.790000915527344,2.567260503768921,1323800
2008-07-15,21.600000381469727,21.729999542236328,20.459999084472656,21.0,2.474184513092041,1486900
2008-07-16,20.860000610351562,21.079999923706055,20.75,21.030000686645508,2.4777188301086426,1055600
2008-07-17,20.8700008392334,20.90999984741211,19.3700008392334,20.399999618530273,2.4034929275512695,3484300
2008-07-18,20.440000534057617,20.479999542236328,19.920000076293945,20.200000762939453,2.379930257797241,1702100
2008-07-21,20.600000381469727,20.8799991607666,20.209999084472656,20.559999465942383,2.422344207763672,1737700
2008-07-22,20.270000457763672,20.84000015258789,20.149999618530273,20.760000228881836,2.445909261703491,1582300
2008-07-23,20.700000762939453,20.700000762939453,20.079999923706055,20.209999084472656,2.3811073303222656,1757200
2008-07-24,20.100000381469727,20.610000610351562,20.100000381469727,20.450000762939453,2.4093844890594482,912300
2008-07-25,20.450000762939453,20.739999771118164,20.209999084472656,20.290000915527344,2.390533685684204,862800
2008-07-28,20.09000015258789,20.299999237060547,20.06999969482422,20.18000030517578,2.377573013305664,1285100
2008-07-29,20.399999618530273,20.579999923706055,20.170000076293945,20.25,2.385820150375366,2786700
2008-07-30,20.260000228881836,20.709999084472656,20.260000228881836,20.670000076293945,2.435305118560791,3516900
2008-07-31,20.350000381469727,20.860000610351562,20.350000381469727,20.670000076293945,2.435305118560791,1119000
2008-08-01,20.790000915527344,21.020000457763672,20.600000381469727,20.920000076293945,2.464759349822998,1795300
2008-08-04,20.81999969482422,20.860000610351562,20.489999771118164,20.719999313354492,2.441194534301758,2325300
2008-08-05,20.850000381469727,21.110000610351562,20.700000762939453,21.0,2.474184513092041,960400
2008-08-06,20.979999542236328,21.280000686645508,20.93000030517578,21.06999969482422,2.4824323654174805,1260000
2008-08-07,21.290000915527344,21.479999542236328,21.049999237060547,21.06999969482422,2.4824323654174805,1239900
2008-08-08,21.06999969482422,22.049999237060547,21.049999237060547,21.950000762939453,2.5861117839813232,2200600
2008-08-11,21.889999389648438,22.549999237060547,21.829999923706055,21.979999542236328,2.589646816253662,3210200
2008-08-12,21.959999084472656,22.110000610351562,21.489999771118164,21.65999984741211,2.55194354057312,3140400
2008-08-13,22.209999084472656,23.770000457763672,22.1200008392334,22.790000915527344,2.685080051422119,6515600
2008-08-14,22.75,23.540000915527344,22.75,23.25,2.7392754554748535,3319000
2008-08-15,23.5,24.030000686645508,23.5,23.81999969482422,2.806431531906128,2482400
2008-08-18,23.670000076293945,24.100000381469727,23.530000686645508,23.8799991607666,2.8135015964508057,2105100
2008-08-19,23.989999771118164,24.06999969482422,23.43000030517578,23.969999313354492,2.8241043090820312,2280100
2008-08-20,23.34000015258789,24.31999969482422,23.25,23.989999771118164,2.826460838317871,3635400
2008-08-21,23.90999984741211,24.020000457763672,23.059999465942383,24.020000457763672,2.8299953937530518,1376900
2008-08-22,24.309999465942383,24.40999984741211,24.079999923706055,24.299999237060547,2.8629844188690186,1353900
2008-08-25,24.59000015258789,24.649999618530273,24.0,24.170000076293945,2.8476686477661133,1409900
2008-08-26,24.299999237060547,24.299999237060547,23.940000534057617,24.149999618530273,2.8453128337860107,2507700
2008-08-27,24.34000015258789,24.940000534057617,24.100000381469727,24.899999618530273,2.933676242828369,1619100
2008-08-28,24.860000610351562,24.8799991607666,24.520000457763672,24.809999465942383,2.9230713844299316,1380100
2008-08-29,24.459999084472656,24.729999542236328,24.459999084472656,24.709999084472656,2.9112913608551025,1330200
2008-09-02,25.079999923706055,25.479999542236328,24.59000015258789,25.280000686645508,2.978447198867798,1757800
2008-09-03,25.0,25.299999237060547,24.90999984741211,25.299999237060547,2.980802059173584,1610800
2008-09-04,25.3700008392334,25.3799991607666,24.920000076293945,25.149999618530273,2.963130235671997,2950800
2008-09-05,24.8799991607666,25.239999771118164,24.760000228881836,25.15999984741211,2.964308738708496,2369800
2008-09-08,25.549999237060547,26.0,25.389999389648438,25.610000610351562,3.017327308654785,1414200
2008-09-09,25.700000762939453,25.940000534057617,25.5,25.520000457763672,3.0067224502563477,1541700
2008-09-10,25.549999237060547,25.8700008392334,25.280000686645508,25.43000030517578,2.996119499206543,1395900
2008-09-11,25.06999969482422,25.959999084472656,24.799999237060547,25.670000076293945,3.0243961811065674,1390200
2008-09-12,25.280000686645508,26.59000015258789,25.280000686645508,26.520000457763672,3.1245408058166504,2564000
2008-09-15,26.170000076293945,26.170000076293945,25.049999237060547,25.31999969482422,2.9831595420837402,1466700
2008-09-16,25.010000228881836,25.190000534057617,24.530000686645508,25.049999237060547,2.9513485431671143,2049000
2008-09-17,24.389999389648438,25.020000457763672,24.389999389648438,24.75,2.9160032272338867,12691600
2008-09-18,25.0,25.100000381469727,24.360000610351562,24.649999618530273,2.904221773147583,3415500
2008-09-19,24.5,25.389999389648438,24.399999618530273,25.190000534057617,2.9678425788879395,1550300
2008-09-22,25.100000381469727,25.479999542236328,24.84000015258789,25.0,2.945457696914673,913900
2008-09-23,24.700000762939453,25.0,23.93000030517578,24.5,2.8865485191345215,2014100
2008-09-24,24.5,24.649999618530273,24.260000228881836,24.440000534057617,2.8794796466827393,1231200
2008-09-25,24.3799991607666,24.639999389648438,24.260000228881836,24.469999313354492,2.8830137252807617,1093200
2008-09-26,23.520000457763672,25.489999771118164,23.520000457763672,25.389999389648438,2.991407871246338,1024000
2008-09-29,24.93000030517578,25.270000457763672,23.989999771118164,24.280000686645508,2.860629081726074,1930300
2008-09-30,25.299999237060547,26.81999969482422,25.299999237060547,26.479999542236328,3.119828701019287,10640200
2008-10-01,26.5,26.700000762939453,25.979999542236328,26.1299991607666,3.0785915851593018,4701000
2008-10-02,26.09000015258789,26.09000015258789,25.200000762939453,25.360000610351562,2.987872362136841,4504400
2008-10-03,25.3799991607666,25.950000762939453,24.93000030517578,25.149999618530273,2.963130235671997,5904500
2008-10-06,24.850000381469727,25.010000228881836,24.280000686645508,24.899999618530273,2.933676242828369,45280300
2008-10-07,25.25,25.420000076293945,23.940000534057617,23.940000534057617,2.820570468902588,6162700
2008-10-08,23.8700008392334,24.6299991607666,23.34000015258789,23.790000915527344,2.802898406982422,7149000
2008-10-09,23.690000534057617,24.0,22.700000762939453,22.989999771118164,2.7086429595947266,4917100
2008-10-10,22.3799991607666,23.75,21.030000686645508,22.520000457763672,2.6532680988311768,4589100
2008-10-13,22.65999984741211,23.850000381469727,22.190000534057617,23.790000915527344,2.802898406982422,3309800
2008-10-14,24.170000076293945,24.239999771118164,22.510000228881836,23.0,2.7098214626312256,2988400
2008-10-15,22.639999389648438,22.920000076293945,20.90999984741211,21.09000015258789,2.4847891330718994,2134200
2008-10-16,21.149999618530273,21.280000686645508,20.100000381469727,20.8799991607666,2.4600465297698975,3228200
2008-10-17,20.360000610351562,21.280000686645508,20.100000381469727,20.920000076293945,2.464759349822998,3075200
2008-10-20,20.610000610351562,21.530000686645508,20.399999618530273,21.530000686645508,2.536628007888794,1154700
2008-10-21,21.270000457763672,22.200000762939453,21.049999237060547,21.489999771118164,2.5319154262542725,1185500
2008-10-22,21.0,21.559999465942383,20.6299991607666,20.90999984741211,2.4635801315307617,2260600
2008-10-23,21.0,21.209999084472656,19.850000381469727,20.239999771118164,2.3846426010131836,4003800
2008-10-24,19.440000534057617,20.09000015258789,18.979999542236328,19.170000076293945,2.258577346801758,3180800
2008-10-27,19.0,19.610000610351562,18.6200008392334,19.219999313354492,2.264467239379883,2442300
2008-10-28,19.549999237060547,21.719999313354492,19.5,21.68000030517578,2.554300546646118,2254400
2008-10-29,21.530000686645508,22.56999969482422,21.200000762939453,22.049999237060547,2.5978939533233643,1894600
2008-10-30,22.68000030517578,22.799999237060547,21.389999389648438,21.920000076293945,2.58257794380188,1814200
2008-10-31,21.889999389648438,23.270000457763672,21.780000686645508,22.899999618530273,2.698040008544922,2214000
2008-11-03,22.549999237060547,23.350000381469727,22.329999923706055,22.56999969482422,2.6591591835021973,1667900
2008-11-04,22.989999771118164,23.84000015258789,22.969999313354492,23.309999465942383,2.746345281600952,1565800
2008-11-05,23.399999618530273,23.68000030517578,22.399999618530273,22.489999771118164,2.6497344970703125,1837200
2008-11-06,22.489999771118164,22.84000015258789,21.6299991607666,21.90999984741211,2.58139967918396,1367700
2008-11-07,22.049999237060547,22.8799991607666,22.010000228881836,22.68000030517578,2.672119617462158,1320900
2008-11-10,22.989999771118164,23.5,22.5,22.770000457763672,2.682723045349121,1240200
2008-11-11,22.290000915527344,22.700000762939453,21.219999313354492,21.3799991607666,2.5189554691314697,1223300
2008-11-12,21.100000381469727,21.780000686645508,20.790000915527344,20.90999984741211,2.4635801315307617,1503100
2008-11-13,18.979999542236328,19.3700008392334,17.56999969482422,18.190000534057617,2.1431150436401367,7936900
2008-11-14,17.93000030517578,18.899999618530273,17.520000457763672,17.559999465942383,2.068889617919922,4674300
2008-11-17,17.3700008392334,17.780000686645508,16.959999084472656,17.1299991607666,2.0182273387908936,2338300
2008-11-18,17.15999984741211,17.18000030517578,16.25,16.6299991607666,1.959318995475769,2810600
2008-11-19,16.780000686645508,17.1299991607666,16.530000686645508,16.559999465942383,1.9510716199874878,3573500
2008-11-20,16.360000610351562,16.469999313354492,14.550000190734863,14.6899995803833,1.7307507991790771,3045700
2008-11-21,14.979999542236328,15.649999618530273,14.260000228881836,15.569999694824219,1.8344312906265259,2998500
2008-11-24,15.859999656677246,16.200000762939453,15.09000015258789,15.989999771118164,1.883914589881897,2126600
2008-11-25,16.290000915527344,16.700000762939453,15.390000343322754,15.930000305175781,1.8768452405929565,2864200
2008-11-26,15.600000381469727,16.299999237060547,15.430000305175781,16.219999313354492,1.9110132455825806,2195300
2008-11-28,15.920000076293945,16.200000762939453,15.720000267028809,16.139999389648438,1.9015872478485107,718200
2008-12-01,15.75,16.06999969482422,14.800000190734863,14.829999923706055,1.74724543094635,2582100
2008-12-02,15.100000381469727,15.220000267028809,14.470000267028809,14.859999656677246,1.7507801055908203,1855100
2008-12-03,14.850000381469727,15.34000015258789,14.479999542236328,15.0600004196167,1.7743436098098755,2155500
2008-12-04,14.880000114440918,14.880000114440918,13.699999809265137,13.779999732971191,1.6235363483428955,2795500
2008-12-05,13.65999984741211,14.600000381469727,13.449999809265137,14.470000267028809,1.7048307657241821,3482100
2008-12-08,14.960000038146973,15.029999732971191,14.390000343322754,14.4399995803833,1.7012964487075806,3139300
2008-12-09,14.380000114440918,14.890000343322754,14.029999732971191,14.640000343322754,1.7248599529266357,2642300
2008-12-10,14.829999923706055,15.520000457763672,14.75,15.350000381469727,1.8085116147994995,2123000
2008-12-11,15.3100004196167,15.960000038146973,15.109999656677246,15.25,1.7967292070388794,2215000
2008-12-12,14.75,15.619999885559082,14.430000305175781,15.550000190734863,1.8320746421813965,3273900
2008-12-15,15.630000114440918,16.139999389648438,15.5600004196167,15.779999732971191,1.859173059463501,2950500
2008-12-16,15.9399995803833,16.260000228881836,15.829999923706055,16.110000610351562,1.8980528116226196,3309200
2008-12-17,15.720000267028809,16.18000030517578,15.630000114440918,16.040000915527344,1.889805793762207,2975000
2008-12-18,16.139999389648438,16.959999084472656,15.770000457763672,16.75,1.973456859588623,3003400
2008-12-19,16.920000076293945,17.31999969482422,16.6200008392334,16.959999084472656,1.9981985092163086,4388900
2008-12-22,17.059999465942383,17.3799991607666,16.700000762939453,17.059999465942383,2.0099804401397705,2314300
2008-12-23,16.690000534057617,17.110000610351562,16.549999237060547,16.860000610351562,1.9864168167114258,1841800
2008-12-24,16.959999084472656,17.049999237060547,16.809999465942383,16.90999984741211,1.9923075437545776,723200
2008-12-26,16.989999771118164,17.0,16.799999237060547,16.889999389648438,1.989951491355896,726700
2008-12-29,16.899999618530273,16.959999084472656,16.469999313354492,16.65999984741211,1.9628533124923706,1814500
2008-12-30,16.649999618530273,16.959999084472656,16.360000610351562,16.440000534057617,1.9369332790374756,2231400
2008-12-31,16.440000534057617,16.440000534057617,16.190000534057617,16.25,1.9145475625991821,2694600
2009-01-02,16.34000015258789,16.59000015258789,16.280000686645508,16.549999237060547,1.9498927593231201,2551800
2009-01-05,16.549999237060547,16.90999984741211,16.489999771118164,16.90999984741211,1.9923075437545776,2692900
2009-01-06,16.899999618530273,17.6299991607666,16.649999618530273,17.229999542236328,2.0300090312957764,3023900
2009-01-07,17.100000381469727,17.170000076293945,16.350000381469727,16.459999084472656,1.9392898082733154,2434800
2009-01-08,16.34000015258789,16.739999771118164,16.309999465942383,16.610000610351562,1.95696222782135,2377700
2009-01-09,16.540000915527344,16.68000030517578,15.960000038146973,16.290000915527344,1.9192613363265991,2364300
2009-01-12,16.290000915527344,16.520000457763672,15.550000190734863,15.779999732971191,1.859173059463501,2109600
2009-01-13,15.800000190734863,16.100000381469727,15.649999618530273,15.869999885559082,1.8697764873504639,2725600
2009-01-14,15.470000267028809,15.760000228881836,15.279999732971191,15.710000038146973,1.8509256839752197,2373700
2009-01-15,15.6899995803833,15.850000381469727,15.489999771118164,15.800000190734863,1.8615293502807617,4494900
2009-01-16,16.139999389648438,16.59000015258789,15.9399995803833,16.450000762939453,1.938111424446106,4286100
2009-01-20,16.530000686645508,16.799999237060547,15.949999809265137,15.960000038146973,1.8803789615631104,2652800
2009-01-21,16.209999084472656,16.440000534057617,16.010000228881836,16.350000381469727,1.926329255104065,3426000
2009-01-22,16.15999984741211,16.489999771118164,15.850000381469727,16.15999984741211,1.9039441347122192,3399300
2009-01-23,15.739999771118164,16.079999923706055,15.65999984741211,15.9399995803833,1.878023624420166,2481200
2009-01-26,16.010000228881836,16.68000030517578,15.989999771118164,16.5,1.9440022706985474,1636000
2009-01-27,16.770000457763672,16.81999969482422,16.489999771118164,16.59000015258789,1.954606056213379,2688900
2009-01-28,16.81999969482422,16.93000030517578,16.610000610351562,16.809999465942383,1.9805257320404053,1585400
2009-01-29,16.65999984741211,17.110000610351562,16.59000015258789,16.770000457763672,1.9758126735687256,2025700
2009-01-30,16.770000457763672,16.799999237060547,16.100000381469727,16.450000762939453,1.938111424446106,2660400
2009-02-02,16.09000015258789,16.190000534057617,15.770000457763672,15.890000343322754,1.8721336126327515,1666400
2009-02-03,15.90999984741211,16.280000686645508,15.779999732971191,16.190000534057617,1.9074780941009521,1436300
2009-02-04,16.270000457763672,16.420000076293945,15.5600004196167,15.670000076293945,1.8462129831314087,1966100
2009-02-05,15.539999961853027,16.18000030517578,15.460000038146973,16.100000381469727,1.8968747854232788,1583100
2009-02-06,16.020000457763672,16.719999313354492,15.989999771118164,16.6200008392334,1.9581412076950073,1262800
2009-02-09,16.600000381469727,16.639999389648438,16.1299991607666,16.309999465942383,1.9216159582138062,928700
2009-02-10,16.09000015258789,16.309999465942383,15.399999618530273,15.470000267028809,1.822649359703064,1718000
2009-02-11,15.59000015258789,16.030000686645508,15.420000076293945,16.020000457763672,1.8874493837356567,1529100
2009-02-12,15.779999732971191,16.420000076293945,15.579999923706055,16.329999923706055,1.923973560333252,2561900
2009-02-13,16.229999542236328,16.719999313354492,16.200000762939453,16.600000381469727,1.9557839632034302,1795700
2009-02-17,16.020000457763672,16.110000610351562,15.729999542236328,15.859999656677246,1.8685978651046753,1604600
2009-02-18,15.970000267028809,16.229999542236328,15.630000114440918,16.18000030517578,1.9063001871109009,1368500
2009-02-19,16.34000015258789,16.34000015258789,15.880000114440918,16.020000457763672,1.8874493837356567,1467200
2009-02-20,15.779999732971191,15.930000305175781,15.239999771118164,15.479999542236328,1.8238277435302734,2520600
2009-02-23,15.510000228881836,15.609999656677246,14.9399995803833,14.989999771118164,1.7660963535308838,1699600
2009-02-24,15.119999885559082,15.34000015258789,14.84000015258789,15.289999961853027,1.8014421463012695,1314300
2009-02-25,15.239999771118164,15.239999771118164,14.699999809265137,14.789999961853027,1.7425329685211182,2134700
2009-02-26,14.880000114440918,14.949999809265137,14.399999618530273,14.399999618530273,1.6965837478637695,1226200
2009-02-27,14.130000114440918,14.479999542236328,14.0,14.050000190734863,1.655347228050232,2208300
2009-03-02,13.729999542236328,14.0,13.460000038146973,13.479999542236328,1.5881904363632202,1688200
2009-03-03,13.649999618530273,13.739999771118164,13.069999694824219,13.130000114440918,1.5469547510147095,1046000
2009-03-04,13.260000228881836,13.380000114440918,12.800000190734863,13.100000381469727,1.5434199571609497,1964200
2009-03-05,12.779999732971191,12.800000190734863,11.960000038146973,12.109999656677246,1.426779866218567,3067500
2009-03-06,12.220000267028809,12.550000190734863,11.829999923706055,12.210000038146973,1.4385616779327393,1775800
2009-03-09,12.069999694824219,12.300000190734863,11.859999656677246,11.899999618530273,1.4020379781723022,1510100
2009-03-10,12.850000381469727,13.640000343322754,12.510000228881836,13.420000076293945,1.5811220407485962,2958300
2009-03-11,13.449999809265137,13.729999542236328,13.390000343322754,13.489999771118164,1.5893685817718506,1466300
2009-03-12,13.619999885559082,14.40999984741211,13.489999771118164,14.329999923706055,1.6883364915847778,1911800
2009-03-13,14.380000114440918,14.619999885559082,14.239999771118164,14.5600004196167,1.7154345512390137,1267700
2009-03-16,14.6899995803833,15.029999732971191,14.5,14.609999656677246,1.721325397491455,1350100
2009-03-17,14.649999618530273,14.979999542236328,14.460000038146973,14.970000267028809,1.7637404203414917,1080900
2009-03-18,14.75,15.279999732971191,14.510000228881836,15.079999923706055,1.7766996622085571,1485600
2009-03-19,15.109999656677246,15.15999984741211,14.539999961853027,14.670000076293945,1.7283943891525269,1109900
2009-03-20,14.680000305175781,15.329999923706055,14.670000076293945,15.130000114440918,1.7825912237167358,2530600
2009-03-23,15.270000457763672,15.420000076293945,14.930000305175781,15.399999618530273,1.8144012689590454,1510800
2009-03-24,15.260000228881836,15.65999984741211,15.140000343322754,15.5600004196167,1.833253264427185,1420200
2009-03-25,15.829999923706055,15.829999923706055,15.170000076293945,15.510000228881836,1.827362298965454,2559900
2009-03-26,16.59000015258789,17.979999542236328,16.020000457763672,17.8700008392334,2.1054129600524902,3991300
2009-03-27,17.280000686645508,17.760000228881836,16.729999542236328,17.09000015258789,2.0135152339935303,2173300
2009-03-30,16.81999969482422,17.040000915527344,16.510000228881836,16.850000381469727,1.9852384328842163,2430200
2009-03-31,17.040000915527344,17.260000228881836,16.559999465942383,16.90999984741211,1.9923075437545776,1663700
2009-04-01,16.850000381469727,17.579999923706055,16.719999313354492,17.399999618530273,2.0500385761260986,1415400
2009-04-02,17.829999923706055,19.440000534057617,17.809999465942383,18.149999618530273,2.1384027004241943,3451400
2009-04-03,18.190000534057617,18.729999542236328,18.06999969482422,18.5,2.1796388626098633,3702500
2009-04-06,18.3799991607666,18.530000686645508,18.200000762939453,18.479999542236328,2.1772820949554443,1100800
2009-04-07,18.219999313354492,18.489999771118164,17.940000534057617,17.969999313354492,2.117194890975952,1086800
2009-04-08,17.899999618530273,18.299999237060547,17.829999923706055,18.290000915527344,2.1548967361450195,767400
2009-04-09,19.0,19.510000228881836,18.65999984741211,19.469999313354492,2.2939224243164062,2308300
2009-04-13,19.309999465942383,19.450000762939453,18.770000457763672,19.079999923706055,2.2479734420776367,1964000
2009-04-14,19.209999084472656,19.979999542236328,19.209999084472656,19.360000610351562,2.2809629440307617,3677600
2009-04-15,20.1299991607666,20.299999237060547,19.43000030517578,19.780000686645508,2.3304457664489746,2389300
2009-04-16,19.889999389648438,19.889999389648438,19.229999542236328,19.670000076293945,2.317486047744751,1459000
2009-04-17,19.780000686645508,20.200000762939453,19.700000762939453,20.049999237060547,2.3622570037841797,2498100
2009-04-20,19.860000610351562,20.5,19.079999923706055,19.110000610351562,2.2515079975128174,2617500
2009-04-21,19.09000015258789,19.3700008392334,18.93000030517578,19.360000610351562,2.2809629440307617,1737500
2009-04-22,19.270000457763672,19.399999618530273,18.899999618530273,18.920000076293945,2.2291219234466553,2092800
2009-04-23,18.940000534057617,19.190000534057617,18.690000534057617,18.989999771118164,2.2373692989349365,1648900
2009-04-24,19.049999237060547,19.3700008392334,18.84000015258789,19.0,2.2385478019714355,2435700
2009-04-27,19.299999237060547,19.579999923706055,18.729999542236328,18.739999771118164,2.2079148292541504,2066700
2009-04-28,18.969999313354492,19.389999389648438,18.700000762939453,19.1200008392334,2.2526865005493164,1851800
2009-04-29,19.200000762939453,20.389999389648438,19.110000610351562,20.34000015258789,2.3964245319366455,4774800
2009-04-30,20.440000534057617,20.8700008392334,20.34000015258789,20.709999084472656,2.4400177001953125,3234400
2009-05-01,20.68000030517578,20.68000030517578,20.010000228881836,20.270000457763672,2.3881771564483643,1892700
2009-05-04,20.079999923706055,20.579999923706055,20.0,20.540000915527344,2.419987916946411,1278600
2009-05-05,20.770000457763672,21.0,20.420000076293945,20.889999389648438,2.461223840713501,1477300
2009-05-06,21.09000015258789,21.09000015258789,20.229999542236328,20.600000381469727,2.4270572662353516,1485000
2009-05-07,20.6299991607666,20.969999313354492,20.200000762939453,20.520000457763672,2.4176321029663086,1141700
2009-05-08,20.709999084472656,20.979999542236328,20.510000228881836,20.940000534057617,2.4671151638031006,986700
2009-05-11,20.8799991607666,20.8799991607666,20.440000534057617,20.649999618530273,2.432947874069214,1385700
2009-05-12,20.75,21.610000610351562,20.530000686645508,21.260000228881836,2.504816770553589,2638400
2009-05-13,23.25,23.25,21.440000534057617,22.06999969482422,2.600250482559204,6018100
2009-05-14,22.040000915527344,22.040000915527344,21.190000534057617,21.3700008392334,2.517777681350708,2738100
2009-05-15,21.3799991607666,22.34000015258789,21.25,22.06999969482422,2.600250482559204,2119500
2009-05-18,22.260000228881836,22.389999389648438,21.639999389648438,22.389999389648438,2.6379518508911133,1323900
2009-05-19,22.25,22.559999465942383,22.09000015258789,22.219999313354492,2.61792254447937,1716900
2009-05-20,22.270000457763672,22.270000457763672,19.809999465942383,20.829999923706055,2.4541544914245605,6825300
2009-05-21,20.649999618530273,21.34000015258789,20.530000686645508,20.700000762939453,2.4388394355773926,4319700
2009-05-22,21.110000610351562,21.5,20.700000762939453,21.270000457763672,2.505995512008667,1521200
2009-05-26,21.100000381469727,22.1200008392334,20.850000381469727,22.100000381469727,2.6037845611572266,2725400
2009-05-27,22.049999237060547,22.049999237060547,21.549999237060547,21.600000381469727,2.5448756217956543,2083800
2009-05-28,21.920000076293945,21.920000076293945,21.040000915527344,21.559999465942383,2.540163278579712,2332200
2009-05-29,21.59000015258789,21.81999969482422,21.25,21.729999542236328,2.5601916313171387,1676300
2009-06-01,21.969999313354492,22.75,21.90999984741211,22.469999313354492,2.6473777294158936,2479900
2009-06-02,22.3799991607666,23.40999984741211,22.239999771118164,23.209999084472656,2.734562635421753,3153500
2009-06-03,22.81999969482422,22.829999923706055,22.170000076293945,22.829999923706055,2.6897923946380615,2182400
2009-06-04,22.59000015258789,23.15999984741211,22.59000015258789,23.079999923706055,2.7192466259002686,2460200
2009-06-05,23.25,23.479999542236328,22.59000015258789,22.959999084472656,2.705108642578125,2735400
2009-06-08,22.719999313354492,23.059999465942383,22.540000915527344,22.920000076293945,2.700394868850708,1315500
2009-06-09,23.010000228881836,23.139999389648438,22.3700008392334,22.59000015258789,2.6615164279937744,1983100
2009-06-10,22.690000534057617,22.989999771118164,22.190000534057617,22.34000015258789,2.6320605278015137,1201800
2009-06-11,22.350000381469727,22.860000610351562,22.059999465942383,22.079999923706055,2.6014280319213867,1951700
2009-06-12,22.040000915527344,22.100000381469727,21.68000030517578,22.020000457763672,2.5943593978881836,1194500
2009-06-15,21.65999984741211,21.68000030517578,21.31999969482422,21.540000915527344,2.537806987762451,1454500
2009-06-16,21.639999389648438,21.90999984741211,20.979999542236328,21.299999237060547,2.5095298290252686,1616200
2009-06-17,21.260000228881836,21.559999465942383,20.969999313354492,21.309999465942383,2.5107083320617676,1958600
2009-06-18,21.299999237060547,22.540000915527344,21.260000228881836,22.3700008392334,2.6355955600738525,1993700
2009-06-19,22.610000610351562,22.889999389648438,22.149999618530273,22.34000015258789,2.6320605278015137,2169100
2009-06-22,22.06999969482422,22.229999542236328,21.200000762939453,21.219999313354492,2.5001046657562256,1671000
2009-06-23,21.260000228881836,21.260000228881836,20.780000686645508,20.940000534057617,2.4671151638031006,2069400
2009-06-24,21.15999984741211,21.280000686645508,20.709999084472656,20.850000381469727,2.4565110206604004,2405000
2009-06-25,20.59000015258789,21.1200008392334,20.40999984741211,20.799999237060547,2.4506208896636963,3765000
2009-06-26,20.899999618530273,21.81999969482422,20.690000534057617,21.270000457763672,2.505995512008667,3081400
2009-06-29,21.40999984741211,21.40999984741211,21.0,21.1200008392334,2.4883229732513428,1639000
2009-06-30,21.149999618530273,21.31999969482422,20.989999771118164,21.190000534057617,2.496570110321045,1664200
2009-07-01,21.40999984741211,22.530000686645508,21.209999084472656,22.079999923706055,2.6014280319213867,2280800
2009-07-02,21.729999542236328,22.290000915527344,21.440000534057617,22.139999389648438,2.6084978580474854,2005600
2009-07-06,21.979999542236328,22.639999389648438,21.969999313354492,22.299999237060547,2.627347230911255,1308700
2009-07-07,22.06999969482422,22.56999969482422,22.06999969482422,22.1200008392334,2.6061413288116455,1214300
2009-07-08,22.1200008392334,22.459999084472656,21.59000015258789,22.15999984741211,2.610853910446167,1951000
2009-07-09,22.270000457763672,22.270000457763672,21.5,21.68000030517578,2.554300546646118,1303200
2009-07-10,21.540000915527344,21.760000228881836,21.260000228881836,21.649999618530273,2.550767183303833,1299500
2009-07-13,21.65999984741211,22.280000686645508,21.520000457763672,22.170000076293945,2.6120316982269287,1847100
2009-07-14,22.110000610351562,22.600000381469727,21.93000030517578,22.56999969482422,2.6591591835021973,1231600
2009-07-15,22.709999084472656,23.309999465942383,22.610000610351562,23.280000686645508,2.742809772491455,1062200
2009-07-16,23.15999984741211,23.729999542236328,23.049999237060547,23.34000015258789,2.749879837036133,1012800
2009-07-17,23.270000457763672,23.579999923706055,23.100000381469727,23.43000030517578,2.7604832649230957,1130900
2009-07-20,23.559999465942383,23.559999465942383,23.079999923706055,23.5,2.7687301635742188,597400
2009-07-21,23.649999618530273,23.649999618530273,23.049999237060547,23.280000686645508,2.742809772491455,762400
2009-07-22,23.0,23.84000015258789,23.0,23.420000076293945,2.759305000305176,1220600
2009-07-23,23.389999389648438,24.049999237060547,23.25,24.0,2.827639102935791,1648100
2009-07-24,23.959999084472656,24.25,23.649999618530273,23.950000762939453,2.8217482566833496,1727100
2009-07-27,23.889999389648438,24.18000030517578,23.649999618530273,24.139999389648438,2.8441340923309326,713900
2009-07-28,24.06999969482422,24.309999465942383,23.799999237060547,24.139999389648438,2.8441340923309326,1069300
2009-07-29,24.18000030517578,24.75,23.850000381469727,24.59000015258789,2.8971526622772217,1851100
2009-07-30,24.709999084472656,25.010000228881836,24.540000915527344,24.549999237060547,2.892439842224121,1187500
2009-07-31,24.479999542236328,24.780000686645508,24.18000030517578,24.610000610351562,2.8995094299316406,1380500
2009-08-03,24.729999542236328,24.729999542236328,24.190000534057617,24.639999389648438,2.903042793273926,833800
2009-08-04,24.549999237060547,25.170000076293945,24.18000030517578,24.489999771118164,2.8853702545166016,1399500
2009-08-05,24.649999618530273,24.649999618530273,24.06999969482422,24.170000076293945,2.8476686477661133,1122700
2009-08-06,24.15999984741211,24.18000030517578,23.489999771118164,23.729999542236328,2.7958288192749023,1337800
2009-08-07,23.8799991607666,24.040000915527344,23.690000534057617,23.700000762939453,2.7922935485839844,1411500
2009-08-10,23.739999771118164,23.84000015258789,23.350000381469727,23.610000610351562,2.7816901206970215,1714500
2009-08-11,23.43000030517578,23.889999389648438,23.299999237060547,23.6299991607666,2.7840466499328613,2344100
2009-08-12,23.65999984741211,23.8700008392334,23.479999542236328,23.520000457763672,2.7710864543914795,2439300
2009-08-13,24.75,25.479999542236328,24.270000457763672,24.979999542236328,2.9431002140045166,5654800
2009-08-14,25.09000015258789,25.639999389648438,25.06999969482422,25.540000915527344,3.0090787410736084,2159400
2009-08-17,25.200000762939453,26.030000686645508,25.170000076293945,25.940000534057617,3.056206703186035,3699400
2009-08-18,26.010000228881836,26.760000228881836,25.809999465942383,25.889999389648438,3.0503156185150146,2001000
2009-08-19,25.75,26.190000534057617,25.600000381469727,26.09000015258789,3.0738799571990967,1923100
2009-08-20,26.010000228881836,27.350000381469727,26.0,26.899999618530273,3.1693127155303955,6617900
2009-08-21,27.389999389648438,27.5,26.920000076293945,27.25,3.210550308227539,2926100
2009-08-24,27.350000381469727,27.829999923706055,27.270000457763672,27.690000534057617,3.262388229370117,2571100
2009-08-25,27.649999618530273,27.90999984741211,27.260000228881836,27.389999389648438,3.227043628692627,2930600
2009-08-26,27.350000381469727,27.540000915527344,26.780000686645508,26.940000534057617,3.174025058746338,2714400
2009-08-27,26.8799991607666,27.25,26.719999313354492,26.860000610351562,3.1645991802215576,2093200
2009-08-28,27.1299991607666,27.1299991607666,26.25,26.530000686645508,3.1257200241088867,2755300
2009-08-31,26.3799991607666,26.739999771118164,26.18000030517578,26.440000534057617,3.115115165710449,2544200
2009-09-01,26.309999465942383,26.6200008392334,25.899999618530273,25.920000076293945,3.0538506507873535,1662600
2009-09-02,25.940000534057617,26.389999389648438,25.899999618530273,26.209999084472656,3.088017463684082,2102500
2009-09-03,26.170000076293945,26.6200008392334,26.139999389648438,26.510000228881836,3.123363494873047,2430700
2009-09-04,26.540000915527344,26.889999389648438,26.270000457763672,26.850000381469727,3.163422107696533,2059800
2009-09-08,26.989999771118164,28.100000381469727,26.899999618530273,27.1200008392334,3.195232391357422,2804100
2009-09-09,26.93000030517578,27.479999542236328,26.739999771118164,27.139999389648438,3.1975889205932617,1965400
2009-09-10,27.1299991607666,27.549999237060547,26.889999389648438,27.520000457763672,3.2423603534698486,1284400
2009-09-11,27.360000610351562,27.600000381469727,26.93000030517578,27.059999465942383,3.1881632804870605,1916800
2009-09-14,26.899999618530273,27.260000228881836,26.899999618530273,27.09000015258789,3.191697597503662,2124900
2009-09-15,27.0,27.190000534057617,26.920000076293945,27.110000610351562,3.194054365158081,2424600
2009-09-16,27.229999542236328,27.299999237060547,26.90999984741211,27.1299991607666,3.196411371231079,1401200
2009-09-17,27.049999237060547,27.649999618530273,27.0,27.260000228881836,3.2117273807525635,2110400
2009-09-18,27.399999618530273,27.950000762939453,27.239999771118164,27.84000015258789,3.2800614833831787,2399500
2009-09-21,27.809999465942383,27.8799991607666,27.350000381469727,27.809999465942383,3.276526927947998,1129400
2009-09-22,27.799999237060547,27.950000762939453,27.530000686645508,27.860000610351562,3.2824180126190186,1404000
2009-09-23,27.770000457763672,28.020000457763672,27.440000534057617,27.479999542236328,3.23764705657959,1995900
2009-09-24,27.389999389648438,27.59000015258789,27.25,27.31999969482422,3.218796730041504,2084500
2009-09-25,27.31999969482422,27.59000015258789,27.200000762939453,27.3700008392334,3.224686622619629,1893200
2009-09-28,27.34000015258789,27.860000610351562,27.270000457763672,27.760000228881836,3.270636796951294,1232500
2009-09-29,28.34000015258789,28.950000762939453,28.200000762939453,28.549999237060547,3.3637125492095947,1906900
2009-09-30,28.420000076293945,28.81999969482422,28.0,28.75,3.3872761726379395,2061800
2009-10-01,28.6200008392334,28.81999969482422,28.18000030517578,28.299999237060547,3.3342573642730713,2436400
2009-10-02,28.190000534057617,28.559999465942383,28.030000686645508,28.25,3.3283679485321045,1949800
2009-10-05,28.329999923706055,28.389999389648438,27.979999542236328,28.170000076293945,3.3189423084259033,1700500
2009-10-06,28.270000457763672,28.690000534057617,28.18000030517578,28.639999389648438,3.3743159770965576,1110700
2009-10-07,28.540000915527344,29.350000381469727,28.540000915527344,29.219999313354492,3.44265079498291,3238900
2009-10-08,29.399999618530273,29.780000686645508,28.5,29.639999389648438,3.4921345710754395,2112800
2009-10-09,29.68000030517578,30.649999618530273,29.56999969482422,30.09000015258789,3.5451536178588867,5102900
2009-10-12,29.780000686645508,29.989999771118164,29.209999084472656,29.479999542236328,3.473283529281616,5653900
2009-10-13,29.3799991607666,29.549999237060547,28.889999389648438,29.040000915527344,3.4214439392089844,3046500
2009-10-14,29.1200008392334,29.239999771118164,28.899999618530273,29.0,3.4167308807373047,1882600
2009-10-15,28.989999771118164,29.56999969482422,28.940000534057617,29.139999389648438,3.4332263469696045,1373900
2009-10-16,28.989999771118164,29.190000534057617,28.6299991607666,29.100000381469727,3.4285125732421875,1857900
2009-10-19,29.100000381469727,29.280000686645508,28.850000381469727,28.8700008392334,3.401414394378662,2190800
2009-10-20,28.90999984741211,29.219999313354492,28.610000610351562,29.1200008392334,3.4308691024780273,2169800
2009-10-21,28.979999542236328,29.139999389648438,28.040000915527344,28.09000015258789,3.309516429901123,2172000
2009-10-22,28.15999984741211,28.15999984741211,27.469999313354492,27.8700008392334,3.2835965156555176,2811300
2009-10-23,27.760000228881836,27.950000762939453,27.190000534057617,27.649999618530273,3.257676601409912,2401500
2009-10-26,27.610000610351562,27.790000915527344,26.8799991607666,27.020000457763672,3.18345046043396,2260800
2009-10-27,26.8799991607666,27.790000915527344,26.8799991607666,27.719999313354492,3.265923023223877,2686500
2009-10-28,27.68000030517578,28.18000030517578,27.469999313354492,27.479999542236328,3.23764705657959,2415300
2009-10-29,27.700000762939453,27.8799991607666,27.34000015258789,27.690000534057617,3.262388229370117,1993400
2009-10-30,27.6299991607666,28.110000610351562,27.25,27.260000228881836,3.2117273807525635,1637900
2009-11-02,27.309999465942383,27.889999389648438,27.190000534057617,27.68000030517578,3.2612111568450928,1350600
2009-11-03,27.40999984741211,27.719999313354492,27.200000762939453,27.600000381469727,3.2517852783203125,1770500
2009-11-04,27.610000610351562,28.209999084472656,27.5,27.81999969482422,3.277705430984497,1299700
2009-11-05,27.079999923706055,27.579999923706055,25.56999969482422,26.520000457763672,3.1245408058166504,8877200
2009-11-06,26.530000686645508,26.639999389648438,25.920000076293945,26.6200008392334,3.136324167251587,2204500
2009-11-09,26.610000610351562,26.709999084472656,26.479999542236328,26.670000076293945,3.142214059829712,2467000
2009-11-10,26.760000228881836,27.84000015258789,26.549999237060547,27.559999465942383,3.247072696685791,2893800
2009-11-11,27.68000030517578,27.690000534057617,26.760000228881836,27.299999237060547,3.216439962387085,2199600
2009-11-12,27.309999465942383,27.399999618530273,26.84000015258789,26.8799991607666,3.1669554710388184,1438800
2009-11-13,26.959999084472656,27.450000762939453,26.450000762939453,27.3700008392334,3.224686622619629,1717300
2009-11-16,27.459999084472656,28.1299991607666,27.3799991607666,27.979999542236328,3.296556234359741,2196900
2009-11-17,28.079999923706055,28.149999618530273,27.579999923706055,27.780000686645508,3.272991895675659,1712400
2009-11-18,27.68000030517578,27.84000015258789,27.450000762939453,27.739999771118164,3.268280029296875,945300
2009-11-19,27.600000381469727,27.600000381469727,26.610000610351562,26.790000915527344,3.1563527584075928,1750600
2009-11-20,26.690000534057617,27.59000015258789,26.280000686645508,27.299999237060547,3.216439962387085,2654600
2009-11-23,27.489999771118164,27.59000015258789,27.309999465942383,27.360000610351562,3.223508596420288,1878900
2009-11-24,27.299999237060547,27.510000228881836,27.010000228881836,27.309999465942383,3.217618465423584,1752700
2009-11-25,27.280000686645508,27.280000686645508,26.75,27.020000457763672,3.18345046043396,1908600
2009-11-27,26.459999084472656,26.459999084472656,26.030000686645508,26.270000457763672,3.0950870513916016,1051900
2009-11-30,26.290000915527344,26.299999237060547,26.010000228881836,26.190000534057617,3.0856614112854004,1439000
2009-12-01,26.3799991607666,26.579999923706055,26.290000915527344,26.5,3.122185468673706,1583400
2009-12-02,26.43000030517578,27.010000228881836,26.43000030517578,26.899999618530273,3.1693127155303955,1327900
2009-12-03,26.81999969482422,27.049999237060547,26.540000915527344,26.709999084472656,3.1469273567199707,1415100
2009-12-04,26.799999237060547,27.25,26.600000381469727,26.799999237060547,3.1575303077697754,1260800
2009-12-07,26.84000015258789,27.059999465942383,26.6299991607666,26.940000534057617,3.174025058746338,807600
2009-12-08,26.940000534057617,26.940000534057617,26.299999237060547,26.75,3.151639699935913,995100
2009-12-09,27.84000015258789,28.079999923706055,26.81999969482422,27.100000381469727,3.192875623703003,6365000
2009-12-10,27.579999923706055,27.739999771118164,27.239999771118164,27.649999618530273,3.257676601409912,2908600
2009-12-11,27.770000457763672,28.459999084472656,27.6200008392334,28.25,3.3283679485321045,2189700
2009-12-14,28.469999313354492,28.479999542236328,27.469999313354492,28.06999969482422,3.307159423828125,2819500
2009-12-15,28.010000228881836,28.299999237060547,27.850000381469727,28.270000457763672,3.330723762512207,957300
2009-12-16,28.25,28.5,27.760000228881836,27.81999969482422,3.277705430984497,1557300
2009-12-17,27.59000015258789,28.15999984741211,27.56999969482422,28.059999465942383,3.3239033222198486,1794700
2009-12-18,28.350000381469727,28.360000610351562,27.219999313354492,28.170000076293945,3.336934804916382,2769800
2009-12-21,28.190000534057617,28.399999618530273,27.989999771118164,28.329999923706055,3.3558859825134277,1190400
2009-12-22,27.770000457763672,28.670000076293945,27.75,28.59000015258789,3.386685848236084,698300
2009-12-23,28.75,29.010000228881836,28.6200008392334,28.989999771118164,3.4340689182281494,642600
2009-12-24,29.15999984741211,29.290000915527344,28.93000030517578,29.100000381469727,3.447098731994629,249500
2009-12-28,29.18000030517578,29.25,29.0,29.15999984741211,3.4542064666748047,307800
2009-12-29,29.139999389648438,29.309999465942383,28.969999313354492,29.020000457763672,3.437621831893921,935100
2009-12-30,29.0,29.06999969482422,28.700000762939453,28.81999969482422,3.413931131362915,1051600
2009-12-31,28.809999465942383,28.940000534057617,28.270000457763672,28.299999237060547,3.352332830429077,966900
2010-01-04,28.530000686645508,29.139999389648438,28.200000762939453,29.100000381469727,3.447098731994629,1199700
2010-01-05,28.959999084472656,29.170000076293945,28.649999618530273,28.760000228881836,3.4068241119384766,957100
2010-01-06,28.899999618530273,29.440000534057617,28.780000686645508,29.399999618530273,3.4826362133026123,2014600
2010-01-07,29.100000381469727,29.15999984741211,28.770000457763672,29.079999923706055,3.4447293281555176,2051300
2010-01-08,28.549999237060547,28.889999389648438,28.489999771118164,28.8700008392334,3.419853448867798,1168300
2010-01-11,28.81999969482422,28.989999771118164,28.200000762939453,28.68000030517578,3.397346258163452,1281700
2010-01-12,28.59000015258789,28.760000228881836,28.18000030517578,28.209999084472656,3.34167218208313,1352500
2010-01-13,28.350000381469727,28.59000015258789,28.290000915527344,28.459999084472656,3.371285915374756,727400
2010-01-14,28.3700008392334,28.639999389648438,28.229999542236328,28.5,3.3760251998901367,1044700
2010-01-15,28.520000457763672,28.59000015258789,28.139999389648438,28.440000534057617,3.368917465209961,2627200
2010-01-19,28.25,28.520000457763672,28.200000762939453,28.399999618530273,3.3641791343688965,1356400
2010-01-20,28.149999618530273,28.43000030517578,27.860000610351562,28.34000015258789,3.3570713996887207,1451900
2010-01-21,28.420000076293945,28.469999313354492,27.65999984741211,27.75,3.2871811389923096,2202100
2010-01-22,27.549999237060547,27.690000534057617,27.260000228881836,27.360000610351562,3.240983486175537,1273200
2010-01-25,27.59000015258789,27.59000015258789,27.200000762939453,27.360000610351562,3.240983486175537,914800
2010-01-26,27.25,27.559999465942383,27.049999237060547,27.43000030517578,3.249274969100952,855700
2010-01-27,27.329999923706055,27.56999969482422,26.989999771118164,27.5,3.2575674057006836,1216500
2010-01-28,27.84000015258789,27.899999618530273,27.420000076293945,27.610000610351562,3.270596981048584,1200000
2010-01-29,27.59000015258789,28.0,27.450000762939453,27.65999984741211,3.2765204906463623,1397900
2010-02-01,27.84000015258789,27.90999984741211,27.579999923706055,27.799999237060547,3.2931041717529297,826800
2010-02-02,27.780000686645508,28.1299991607666,27.75,28.059999465942383,3.3239033222198486,993100
2010-02-03,27.989999771118164,28.25,27.81999969482422,28.059999465942383,3.3239033222198486,1106700
2010-02-04,27.850000381469727,27.93000030517578,26.780000686645508,26.84000015258789,3.179386615753174,1713800
2010-02-05,26.729999542236328,27.139999389648438,26.3799991607666,27.100000381469727,3.2101848125457764,2351100
2010-02-08,26.979999542236328,27.270000457763672,26.81999969482422,26.84000015258789,3.179386615753174,1045200
2010-02-09,27.040000915527344,27.1299991607666,26.639999389648438,26.860000610351562,3.1817548274993896,1518100
2010-02-10,26.809999465942383,26.90999984741211,26.479999542236328,26.84000015258789,3.179386615753174,1727800
2010-02-11,26.809999465942383,27.299999237060547,26.559999465942383,27.170000076293945,3.2184767723083496,1522300
2010-02-12,26.940000534057617,27.139999389648438,26.709999084472656,27.079999923706055,3.207815647125244,1550700
2010-02-16,27.229999542236328,27.540000915527344,27.010000228881836,27.440000534057617,3.250459671020508,1673800
2010-02-17,27.420000076293945,28.709999084472656,27.389999389648438,28.59000015258789,3.386685848236084,3933400
2010-02-18,28.510000228881836,29.18000030517578,28.510000228881836,29.139999389648438,3.4518373012542725,1555100
2010-02-19,28.989999771118164,29.229999542236328,28.889999389648438,28.93000030517578,3.4269609451293945,1825400
2010-02-22,28.889999389648438,29.049999237060547,28.479999542236328,28.649999618530273,3.3937928676605225,1286800
2010-02-23,28.579999923706055,28.690000534057617,28.209999084472656,28.420000076293945,3.3665475845336914,1226000
2010-02-24,28.59000015258789,28.690000534057617,28.309999465942383,28.649999618530273,3.3937928676605225,1811000
2010-02-25,31.209999084472656,32.02000045776367,30.3799991607666,31.829999923706055,3.7704861164093018,12704200
2010-02-26,31.309999465942383,32.029998779296875,30.950000762939453,31.75,3.76101016998291,3313500
2010-03-01,31.899999618530273,32.18000030517578,31.149999618530273,31.18000030517578,3.693488836288452,2578600
2010-03-02,31.299999237060547,31.729999542236328,31.290000915527344,31.5,3.731396436691284,2563600
2010-03-03,31.56999969482422,32.0,31.489999771118164,31.649999618530273,3.7491648197174072,2333700
2010-03-04,31.729999542236328,32.13999938964844,31.6299991607666,31.950000762939453,3.784702777862549,3293400
2010-03-05,32.08000183105469,32.45000076293945,31.959999084472656,32.349998474121094,3.8320837020874023,2495400
2010-03-08,32.400001525878906,33.04999923706055,32.15999984741211,32.849998474121094,3.8913118839263916,3385400
2010-03-09,32.709999084472656,33.93000030517578,32.63999938964844,33.470001220703125,3.964756727218628,3405200
2010-03-10,33.5099983215332,33.849998474121094,33.25,33.650001525878906,3.9860780239105225,3696100
2010-03-11,34.439998626708984,35.2400016784668,34.310001373291016,35.029998779296875,4.149549961090088,6035600
2010-03-12,35.209999084472656,35.33000183105469,34.91999816894531,34.970001220703125,4.142441749572754,1687300
2010-03-15,35.400001525878906,35.70000076293945,34.7400016784668,34.95000076293945,4.140070915222168,3032800
2010-03-16,35.45000076293945,36.58000183105469,35.29999923706055,36.470001220703125,4.320126533508301,4579500
2010-03-17,36.79999923706055,36.79999923706055,36.31999969482422,36.68000030517578,4.345003128051758,2607300
2010-03-18,36.68000030517578,37.060001373291016,36.349998474121094,36.66999816894531,4.3616557121276855,3296500
2010-03-19,36.18000030517578,36.849998474121094,36.04999923706055,36.18000030517578,4.303372383117676,3731400
2010-03-22,36.189998626708984,36.93000030517578,36.119998931884766,36.79999923706055,4.3771162033081055,2465100
2010-03-23,36.689998626708984,36.970001220703125,36.2599983215332,36.56999969482422,4.349761009216309,2099200
2010-03-24,36.619998931884766,36.619998931884766,36.0099983215332,36.33000183105469,4.321214199066162,2309000
2010-03-25,36.720001220703125,36.75,36.08000183105469,36.130001068115234,4.297425270080566,2283000
2010-03-26,36.310001373291016,36.38999938964844,35.40999984741211,35.79999923706055,4.258176803588867,2726100
2010-03-29,35.970001220703125,35.9900016784668,35.560001373291016,35.63999938964844,4.2391438484191895,1904300
2010-03-30,35.7599983215332,36.0099983215332,35.349998474121094,35.630001068115234,4.2379536628723145,1647200
2010-03-31,35.68000030517578,35.68000030517578,35.119998931884766,35.16999816894531,4.183238506317139,1651900
2010-04-01,35.2400016784668,35.540000915527344,35.15999984741211,35.47999954223633,4.220111846923828,2632000
2010-04-05,35.689998626708984,35.93000030517578,35.380001068115234,35.470001220703125,4.218923091888428,2168500
2010-04-06,35.290000915527344,35.59000015258789,35.189998626708984,35.45000076293945,4.216543197631836,1820400
2010-04-07,35.52000045776367,35.52000045776367,34.95000076293945,34.95000076293945,4.1570725440979,2277400
2010-04-08,34.88999938964844,35.47999954223633,34.65999984741211,35.220001220703125,4.189186096191406,1994800
2010-04-09,35.22999954223633,35.22999954223633,34.88999938964844,35.150001525878906,4.180861949920654,1775600
2010-04-12,35.2400016784668,35.279998779296875,34.880001068115234,35.02000045776367,4.165398597717285,1434100
2010-04-13,35.09000015258789,35.11000061035156,34.77000045776367,34.869998931884766,4.147555828094482,1454600
2010-04-14,34.900001525878906,35.119998931884766,34.68000030517578,34.75,4.1332831382751465,2084500
2010-04-15,34.63999938964844,34.689998626708984,34.04999923706055,34.22999954223633,4.071432590484619,3100500
2010-04-16,34.04999923706055,34.400001525878906,33.880001068115234,34.029998779296875,4.04764461517334,2400000
2010-04-19,33.97999954223633,34.20000076293945,33.63999938964844,34.09000015258789,4.054781436920166,1610500
2010-04-20,34.20000076293945,34.290000915527344,33.86000061035156,34.0099983215332,4.045265197753906,1165300
2010-04-21,34.04999923706055,34.36000061035156,33.68000030517578,33.790000915527344,4.019099712371826,1632600
2010-04-22,33.619998931884766,33.720001220703125,33.060001373291016,33.400001525878906,3.972710132598877,1878400
2010-04-23,33.4900016784668,33.77000045776367,33.20000076293945,33.59000015258789,3.9953105449676514,1052800
2010-04-26,33.7400016784668,34.20000076293945,33.650001525878906,34.040000915527344,4.048834800720215,3043900
2010-04-27,33.900001525878906,33.900001525878906,33.130001068115234,33.220001220703125,3.9513003826141357,1779600
2010-04-28,33.27000045776367,33.58000183105469,33.0099983215332,33.5099983215332,3.9857935905456543,1807300
2010-04-29,33.59000015258789,34.349998474121094,33.5099983215332,34.349998474121094,4.0857062339782715,1949400
2010-04-30,34.27000045776367,34.439998626708984,32.689998626708984,32.72999954223633,3.8930182456970215,4313500
2010-05-03,33.90999984741211,34.540000915527344,33.630001068115234,34.189998626708984,4.066675186157227,2442000
2010-05-04,34.060001373291016,34.099998474121094,33.029998779296875,33.22999954223633,3.9524905681610107,2987700
2010-05-05,33.0,34.54999923706055,32.709999084472656,33.9900016784668,4.042886257171631,3410900
2010-05-06,34.0,36.0,33.72999954223633,34.369998931884766,4.088085174560547,9009000
2010-05-07,34.4900016784668,36.400001525878906,34.310001373291016,35.720001220703125,4.248659610748291,7388400
2010-05-10,36.77000045776367,36.77000045776367,35.93000030517578,36.619998931884766,4.355708122253418,3735300
2010-05-11,36.130001068115234,37.45000076293945,36.02000045776367,36.779998779296875,4.374739646911621,4002100
2010-05-12,37.400001525878906,38.13999938964844,36.869998931884766,37.869998931884766,4.504386901855469,5570700
2010-05-13,38.5,38.900001525878906,37.79999923706055,37.88999938964844,4.506765842437744,4655200
2010-05-14,37.7599983215332,37.790000915527344,36.75,37.25,4.430640697479248,2807200
2010-05-17,37.279998779296875,38.20000076293945,37.279998779296875,38.0,4.519848823547363,3094800
2010-05-18,38.22999954223633,38.93000030517578,38.029998779296875,38.119998931884766,4.534122943878174,5207800
2010-05-19,38.0099983215332,38.189998626708984,37.34000015258789,38.06999969482422,4.528174877166748,2752600
2010-05-20,37.33000183105469,37.63999938964844,36.220001220703125,36.27000045776367,4.314077854156494,3682300
2010-05-21,35.65999984741211,36.93000030517578,35.5,36.720001220703125,4.367602348327637,3528600
2010-05-24,36.619998931884766,37.150001525878906,36.310001373291016,36.83000183105469,4.380686283111572,2364500
2010-05-25,35.939998626708984,37.150001525878906,35.290000915527344,37.11000061035156,4.4139909744262695,3089600
2010-05-26,37.34000015258789,37.84000015258789,37.220001220703125,37.290000915527344,4.435400009155273,2829200
2010-05-27,37.779998779296875,38.34000015258789,37.56999969482422,38.16999816894531,4.540067672729492,3065700
2010-05-28,38.0,38.43000030517578,37.779998779296875,37.86000061035156,4.503197193145752,2467700
2010-06-01,37.59000015258789,38.310001373291016,37.209999084472656,37.650001525878906,4.478219985961914,2766800
2010-06-02,37.709999084472656,38.0,37.290000915527344,37.939998626708984,4.512712478637695,2210100
2010-06-03,38.0,38.41999816894531,37.06999969482422,37.20000076293945,4.424695014953613,4390500
2010-06-04,36.5099983215332,37.220001220703125,35.84000015258789,36.4900016784668,4.340244770050049,4469100
2010-06-07,36.290000915527344,36.310001373291016,35.619998931884766,35.849998474121094,4.264122009277344,3414000
2010-06-08,35.880001068115234,37.040000915527344,35.72999954223633,36.540000915527344,4.346192836761475,4102600
2010-06-09,36.70000076293945,36.779998779296875,36.0099983215332,36.13999938964844,4.298616409301758,2667400
2010-06-10,36.52000045776367,37.130001068115234,36.52000045776367,36.869998931884766,4.385444164276123,2937000
2010-06-11,36.59000015258789,37.369998931884766,36.59000015258789,37.290000915527344,4.435400009155273,2461900
2010-06-14,37.779998779296875,37.90999984741211,37.34000015258789,37.439998626708984,4.453242301940918,3213100
2010-06-15,37.59000015258789,37.90999984741211,37.43000030517578,37.779998779296875,4.49368143081665,3446900
2010-06-16,37.650001525878906,38.25,37.650001525878906,38.02000045776367,4.52223014831543,2344000
2010-06-17,37.95000076293945,38.25,37.630001068115234,38.2400016784668,4.578502178192139,2747100
2010-06-18,38.16999816894531,38.369998931884766,37.88999938964844,37.959999084472656,4.544976711273193,3541300
2010-06-21,38.25,38.5,37.93000030517578,38.13999938964844,4.5665283203125,3290600
2010-06-22,38.15999984741211,38.380001068115234,37.36000061035156,37.41999816894531,4.48032283782959,4696900
2010-06-23,37.08000183105469,37.689998626708984,36.75,37.290000915527344,4.464757919311523,2498500
2010-06-24,37.09000015258789,37.540000915527344,36.779998779296875,37.18000030517578,4.451586723327637,2327200
2010-06-25,37.15999984741211,37.220001220703125,36.38999938964844,36.56999969482422,4.378551483154297,3513500
2010-06-28,36.709999084472656,38.20000076293945,36.52000045776367,38.06999969482422,4.5581464767456055,3575800
2010-06-29,37.599998474121094,38.060001373291016,37.349998474121094,37.790000915527344,4.524622440338135,10204200
2010-06-30,37.68000030517578,38.08000183105469,37.27000045776367,37.38999938964844,4.47673225402832,4973900
2010-07-01,37.4900016784668,37.54999923706055,36.900001525878906,37.439998626708984,4.482717514038086,3064200
2010-07-02,37.599998474121094,38.029998779296875,37.25,37.279998779296875,4.46356201171875,1694900
2010-07-06,37.709999084472656,38.09000015258789,37.5,37.970001220703125,4.5461745262146,2582000
2010-07-07,38.02000045776367,38.060001373291016,37.5099983215332,38.0,4.549764633178711,3800400
2010-07-08,38.040000915527344,38.25,37.86000061035156,38.20000076293945,4.5737128257751465,2918600
2010-07-09,38.20000076293945,38.7400016784668,38.119998931884766,38.540000915527344,4.614420413970947,4287400
2010-07-12,38.599998474121094,38.689998626708984,38.209999084472656,38.58000183105469,4.619211196899414,3711400
2010-07-13,38.959999084472656,39.310001373291016,38.900001525878906,39.15999984741211,4.688653469085693,4505800
2010-07-14,39.02000045776367,39.540000915527344,38.88999938964844,39.25,4.6994309425354,3055700
2010-07-15,39.2400016784668,39.4900016784668,38.709999084472656,38.97999954223633,4.6671013832092285,4500200
2010-07-16,38.790000915527344,39.029998779296875,38.02000045776367,38.25,4.579698085784912,2278900
2010-07-19,38.369998931884766,38.97999954223633,38.369998931884766,38.880001068115234,4.655128479003906,3166300
2010-07-20,38.369998931884766,39.65999984741211,38.369998931884766,39.599998474121094,4.741334915161133,3253200
2010-07-21,39.79999923706055,39.88999938964844,38.720001220703125,38.880001068115234,4.655128479003906,3760500
2010-07-22,39.150001525878906,39.79999923706055,39.099998474121094,39.599998474121094,4.741334915161133,2017800
2010-07-23,39.630001068115234,39.81999969482422,39.29999923706055,39.81999969482422,4.767675399780273,2030800
2010-07-26,39.81999969482422,40.2400016784668,39.650001525878906,40.099998474121094,4.801199913024902,2559900
2010-07-27,40.0099983215332,40.0099983215332,39.31999969482422,39.70000076293945,4.753308296203613,2507800
2010-07-28,39.7599983215332,39.880001068115234,37.939998626708984,38.22999954223633,4.577305316925049,5364700
2010-07-29,38.02000045776367,38.279998779296875,36.400001525878906,37.119998931884766,4.444404125213623,5644900
2010-07-30,36.970001220703125,37.84000015258789,36.4900016784668,37.54999923706055,4.495887279510498,3229800
2010-08-02,38.029998779296875,38.29999923706055,37.31999969482422,37.709999084472656,4.515044212341309,2769500
2010-08-03,37.540000915527344,37.849998474121094,37.279998779296875,37.630001068115234,4.505466461181641,1624100
2010-08-04,37.619998931884766,37.83000183105469,37.310001373291016,37.77000045776367,4.522230625152588,1802400
2010-08-05,37.599998474121094,37.619998931884766,37.040000915527344,37.290000915527344,4.464757919311523,2917300
2010-08-06,37.04999923706055,37.279998779296875,36.58000183105469,36.869998931884766,4.41447114944458,2540900
2010-08-09,37.09000015258789,37.459999084472656,36.66999816894531,36.72999954223633,4.397707939147949,2096000
2010-08-10,36.560001373291016,37.59000015258789,36.310001373291016,37.2599983215332,4.4611663818359375,2811800
2010-08-11,36.849998474121094,37.15999984741211,36.36000061035156,36.849998474121094,4.4120774269104,2483200
2010-08-12,36.33000183105469,37.029998779296875,36.189998626708984,36.9900016784668,4.428837299346924,2580800
2010-08-13,36.97999954223633,37.06999969482422,36.58000183105469,36.84000015258789,4.410876750946045,1634500
2010-08-16,36.689998626708984,36.88999938964844,36.31999969482422,36.81999969482422,4.40848445892334,3093100
2010-08-17,36.93000030517578,37.040000915527344,36.439998626708984,36.77000045776367,4.402498722076416,3454100
2010-08-18,36.7400016784668,37.04999923706055,36.529998779296875,36.91999816894531,4.4204559326171875,2587200
2010-08-19,36.77000045776367,37.02000045776367,36.470001220703125,36.79999923706055,4.4060893058776855,3411000
2010-08-20,36.4900016784668,36.849998474121094,36.22999954223633,36.7599983215332,4.401301383972168,1781500
2010-08-23,36.779998779296875,37.0,36.529998779296875,36.529998779296875,4.373760223388672,1376500
2010-08-24,36.08000183105469,37.150001525878906,36.0099983215332,36.900001525878906,4.418064594268799,2468400
2010-08-25,36.650001525878906,37.43000030517578,36.650001525878906,37.220001220703125,4.456376552581787,3384400
2010-08-26,37.41999816894531,37.61000061035156,36.959999084472656,37.06999969482422,4.438417434692383,1618700
2010-08-27,37.16999816894531,37.45000076293945,36.720001220703125,37.380001068115234,4.475533485412598,1147100
2010-08-30,37.380001068115234,37.540000915527344,37.0,37.0,4.430036544799805,1460800
2010-08-31,36.7599983215332,37.099998474121094,36.540000915527344,36.81999969482422,4.40848445892334,2209600
2010-09-01,37.08000183105469,37.7400016784668,36.790000915527344,37.709999084472656,4.515044212341309,1949800
2010-09-02,37.61000061035156,38.04999923706055,37.369998931884766,38.04999923706055,4.5557541847229,1695000
2010-09-03,38.209999084472656,38.380001068115234,37.849998474121094,38.29999923706055,4.585687637329102,1311100
2010-09-07,38.2400016784668,38.47999954223633,37.880001068115234,38.189998626708984,4.572516441345215,2250300
2010-09-08,38.189998626708984,38.77000045776367,38.08000183105469,38.130001068115234,4.565330505371094,3024500
2010-09-09,38.439998626708984,38.52000045776367,35.54999923706055,35.59000015258789,4.2612152099609375,8809900
2010-09-10,35.16999816894531,35.27000045776367,34.34000015258789,34.72999954223633,4.1582489013671875,7614300
2010-09-13,35.22999954223633,35.22999954223633,34.59000015258789,34.86000061035156,4.1738128662109375,4354400
2010-09-14,34.7599983215332,34.90999984741211,34.560001373291016,34.63999938964844,4.147469997406006,3202300
2010-09-15,34.599998474121094,35.689998626708984,34.5,35.599998474121094,4.2624125480651855,4288400
2010-09-16,35.189998626708984,35.25,34.7599983215332,35.189998626708984,4.24312162399292,2023100
2010-09-17,35.220001220703125,35.400001525878906,35.02000045776367,35.310001373291016,4.257589340209961,2860100
2010-09-20,35.279998779296875,35.540000915527344,35.130001068115234,35.38999938964844,4.26723575592041,1763100
2010-09-21,35.290000915527344,35.33000183105469,34.650001525878906,34.79999923706055,4.196094512939453,1973800
2010-09-22,34.630001068115234,34.970001220703125,34.290000915527344,34.43000030517578,4.151482105255127,1892900
2010-09-23,34.220001220703125,34.22999954223633,33.599998474121094,33.939998626708984,4.0923991203308105,2708000
2010-09-24,35.040000915527344,35.290000915527344,34.79999923706055,34.95000076293945,4.214181900024414,2701100
2010-09-27,34.849998474121094,35.08000183105469,34.40999984741211,34.81999969482422,4.1985063552856445,2247700
2010-09-28,34.900001525878906,35.7400016784668,34.58000183105469,35.720001220703125,4.30702543258667,2385000
2010-09-29,35.61000061035156,35.70000076293945,35.15999984741211,35.380001068115234,4.26602840423584,1699100
2010-09-30,35.36000061035156,35.86000061035156,35.33000183105469,35.52000045776367,4.28291130065918,2338200
2010-10-01,35.560001373291016,36.029998779296875,34.83000183105469,35.11000061035156,4.233475685119629,3338800
2010-10-04,34.939998626708984,35.02000045776367,34.540000915527344,34.63999938964844,4.176802635192871,2145400
2010-10-05,34.939998626708984,35.599998474121094,34.90999984741211,35.4900016784668,4.279294490814209,3174100
2010-10-06,35.349998474121094,35.4900016784668,34.93000030517578,35.08000183105469,4.229857444763184,1463300
2010-10-07,34.630001068115234,35.0099983215332,34.5,34.599998474121094,4.171980381011963,2690900
2010-10-08,34.54999923706055,34.9900016784668,34.22999954223633,34.72999954223633,4.187655925750732,1878800
2010-10-11,34.79999923706055,34.939998626708984,34.72999954223633,34.880001068115234,4.205740928649902,851900
2010-10-12,34.790000915527344,34.939998626708984,34.720001220703125,34.779998779296875,4.193683624267578,1260900
2010-10-13,34.849998474121094,35.5,34.75,35.34000015258789,4.261207103729248,2333500
2010-10-14,35.380001068115234,35.560001373291016,34.91999816894531,35.029998779296875,4.2238287925720215,1718100
2010-10-15,35.27000045776367,35.369998931884766,34.869998931884766,34.970001220703125,4.2165937423706055,1810200
2010-10-18,35.040000915527344,35.040000915527344,34.33000183105469,34.36000061035156,4.143040657043457,1889900
2010-10-19,34.06999969482422,34.16999816894531,33.65999984741211,33.88999938964844,4.086370468139648,1808600
2010-10-20,33.95000076293945,35.119998931884766,33.88999938964844,35.11000061035156,4.233475685119629,2457300
2010-10-21,35.2400016784668,35.86000061035156,35.18000030517578,35.86000061035156,4.323907375335693,2379400
2010-10-22,35.779998779296875,35.97999954223633,35.59000015258789,35.88999938964844,4.327524185180664,1307200
2010-10-25,36.220001220703125,36.220001220703125,35.810001373291016,35.970001220703125,4.337170124053955,1507500
2010-10-26,35.900001525878906,36.060001373291016,35.619998931884766,35.689998626708984,4.303408145904541,2009000
2010-10-27,34.029998779296875,36.790000915527344,34.0,36.47999954223633,4.398665904998779,5409900
2010-10-28,36.77000045776367,37.0099983215332,36.349998474121094,36.5,4.40107536315918,2226200
2010-10-29,36.5,36.599998474121094,36.27000045776367,36.59000015258789,4.411929130554199,1646700
2010-11-01,36.86000061035156,36.86000061035156,36.439998626708984,36.56999969482422,4.40951681137085,1855300
2010-11-02,36.84000015258789,37.310001373291016,36.70000076293945,37.220001220703125,4.4878926277160645,1567600
2010-11-03,37.20000076293945,37.47999954223633,36.77000045776367,37.04999923706055,4.4673943519592285,996300
2010-11-04,37.34000015258789,37.540000915527344,37.08000183105469,37.220001220703125,4.4878926277160645,1179500
2010-11-05,37.27000045776367,37.45000076293945,37.0,37.150001525878906,4.4794535636901855,1068300
2010-11-08,37.119998931884766,37.220001220703125,36.529998779296875,36.58000183105469,4.410722732543945,1392000
2010-11-09,36.63999938964844,36.79999923706055,35.9900016784668,36.09000015258789,4.351640224456787,1844200
2010-11-10,36.029998779296875,36.68000030517578,35.900001525878906,36.540000915527344,4.405900478363037,2053500
2010-11-11,36.36000061035156,36.5099983215332,36.09000015258789,36.189998626708984,4.363697052001953,1856900
2010-11-12,35.9900016784668,36.41999816894531,35.9900016784668,36.18000030517578,4.362492084503174,1129400
2010-11-15,36.2400016784668,36.77000045776367,36.2400016784668,36.56999969482422,4.40951681137085,2749000
2010-11-16,36.61000061035156,37.08000183105469,36.33000183105469,36.43000030517578,4.392637252807617,1662200
2010-11-17,36.279998779296875,36.54999923706055,36.2400016784668,36.41999816894531,4.391430854797363,1252200
2010-11-18,36.7400016784668,37.33000183105469,36.68000030517578,37.11000061035156,4.474629878997803,1359800
2010-11-19,37.13999938964844,38.150001525878906,36.900001525878906,37.97999954223633,4.579531669616699,2081000
2010-11-22,37.79999923706055,38.22999954223633,37.68000030517578,38.08000183105469,4.591590404510498,1003700
2010-11-23,37.720001220703125,37.72999954223633,37.2400016784668,37.369998931884766,4.5059814453125,1212900
2010-11-24,37.150001525878906,37.77000045776367,37.150001525878906,37.65999984741211,4.540946960449219,795000
2010-11-26,37.43000030517578,37.5099983215332,37.25,37.290000915527344,4.49633264541626,428900
2010-11-29,37.02000045776367,37.02000045776367,36.220001220703125,36.56999969482422,4.40951681137085,1626000
2010-11-30,36.40999984741211,36.7599983215332,36.13999938964844,36.630001068115234,4.416751384735107,3121000
2010-12-01,36.939998626708984,37.2400016784668,36.560001373291016,37.060001373291016,4.468600749969482,2300900
2010-12-02,37.029998779296875,37.86000061035156,36.7599983215332,37.790000915527344,4.55662202835083,2275900
2010-12-03,37.619998931884766,37.900001525878906,37.5,37.63999938964844,4.538534641265869,906500
2010-12-06,37.5099983215332,37.5099983215332,36.849998474121094,36.880001068115234,4.446897506713867,1122400
2010-12-07,37.09000015258789,37.29999923706055,36.599998474121094,36.72999954223633,4.428811073303223,1206700
2010-12-08,36.709999084472656,36.88999938964844,35.90999984741211,36.59000015258789,4.411929130554199,2718900
2010-12-09,36.779998779296875,37.63999938964844,36.560001373291016,37.630001068115234,4.537328243255615,2548700
2010-12-10,37.599998474121094,37.599998474121094,37.11000061035156,37.41999816894531,4.5120086669921875,1625800
2010-12-13,37.52000045776367,37.63999938964844,36.619998931884766,37.040000915527344,4.466188430786133,2289700
2010-12-14,37.130001068115234,37.279998779296875,36.84000015258789,37.279998779296875,4.495128154754639,1339800
2010-12-15,37.150001525878906,37.36000061035156,36.90999984741211,37.25,4.491509437561035,2016000
2010-12-16,37.13999938964844,37.189998626708984,36.810001373291016,37.11000061035156,4.504864692687988,1338100
2010-12-17,36.970001220703125,38.029998779296875,36.86000061035156,37.970001220703125,4.609260559082031,5174300
2010-12-20,38.0099983215332,38.040000915527344,36.790000915527344,37.0,4.491509914398193,3099600
2010-12-21,37.16999816894531,37.220001220703125,36.70000076293945,36.83000183105469,4.470874309539795,1307800
2010-12-22,36.880001068115234,36.900001525878906,36.209999084472656,36.310001373291016,4.407749176025391,1154400
2010-12-23,36.06999969482422,36.41999816894531,36.0,36.2400016784668,4.399252414703369,1133200
2010-12-27,36.08000183105469,36.349998474121094,35.849998474121094,36.029998779296875,4.37376070022583,1115500
2010-12-28,36.11000061035156,36.130001068115234,35.79999923706055,36.0,4.370118141174316,921900
2010-12-29,35.959999084472656,36.06999969482422,35.720001220703125,35.79999923706055,4.345839023590088,1497000
2010-12-30,35.709999084472656,35.84000015258789,35.439998626708984,35.66999816894531,4.330060005187988,1024100
2010-12-31,35.56999969482422,35.66999816894531,35.119998931884766,35.15999984741211,4.268148422241211,1315500
2011-01-03,35.33000183105469,35.54999923706055,35.04999923706055,35.38999938964844,4.29606819152832,1718200
2011-01-04,35.5,35.560001373291016,35.029998779296875,35.5,4.309422969818115,2035000
2011-01-05,35.380001068115234,36.439998626708984,35.2599983215332,36.25,4.400466442108154,3159600
2011-01-06,36.09000015258789,36.720001220703125,36.06999969482422,36.58000183105469,4.440526485443115,2351100
2011-01-07,36.400001525878906,36.529998779296875,35.310001373291016,35.439998626708984,4.30213737487793,3353000
2011-01-10,35.27000045776367,35.540000915527344,35.0,35.08000183105469,4.258437633514404,2575200
2011-01-11,35.150001525878906,35.75,35.02000045776367,35.630001068115234,4.3252034187316895,2662900
2011-01-12,35.75,36.20000076293945,35.43000030517578,35.86000061035156,4.353121757507324,2268900
2011-01-13,35.79999923706055,36.099998474121094,35.54999923706055,35.75,4.339770793914795,1417700
2011-01-14,35.61000061035156,35.72999954223633,35.31999969482422,35.54999923706055,4.315489768981934,976200
2011-01-18,35.52000045776367,35.66999816894531,35.34000015258789,35.34000015258789,4.289999485015869,1249600
2011-01-19,35.47999954223633,35.54999923706055,34.959999084472656,35.380001068115234,4.294853687286377,1650200
2011-01-20,35.2599983215332,35.459999084472656,35.0,35.02000045776367,4.251153945922852,1851100
2011-01-21,35.209999084472656,35.369998931884766,34.880001068115234,35.18000030517578,4.270576000213623,2149400
2011-01-24,35.11000061035156,35.279998779296875,34.779998779296875,34.939998626708984,4.24144172668457,1827500
2011-01-25,34.880001068115234,35.7599983215332,34.83000183105469,35.41999816894531,4.299710273742676,3104000
2011-01-26,35.56999969482422,35.7400016784668,35.2400016784668,35.369998931884766,4.293640613555908,1538000
2011-01-27,35.310001373291016,35.959999084472656,35.220001220703125,35.41999816894531,4.299710273742676,1478400
2011-01-28,35.45000076293945,35.84000015258789,34.75,34.84000015258789,4.229302406311035,1293100
2011-01-31,34.91999816894531,35.47999954223633,34.81999969482422,35.43000030517578,4.300923824310303,1700800
2011-02-01,35.630001068115234,35.88999938964844,35.31999969482422,35.349998474121094,4.29121208190918,1527100
2011-02-02,35.310001373291016,35.47999954223633,34.91999816894531,35.38999938964844,4.29606819152832,1403000
2011-02-03,35.27000045776367,35.56999969482422,34.959999084472656,35.27000045776367,4.281501770019531,1465200
2011-02-04,35.220001220703125,35.63999938964844,35.13999938964844,35.63999938964844,4.326416969299316,1043100
2011-02-07,35.560001373291016,36.029998779296875,35.5,35.709999084472656,4.33491325378418,1294400
2011-02-08,35.630001068115234,35.75,35.08000183105469,35.2599983215332,4.280287265777588,4009300
2011-02-09,35.27000045776367,35.540000915527344,35.02000045776367,35.18000030517578,4.270576000213623,1012500
2011-02-10,34.97999954223633,34.9900016784668,33.779998779296875,33.959999084472656,4.122477054595947,3896100
2011-02-11,33.869998931884766,34.459999084472656,33.689998626708984,33.959999084472656,4.122477054595947,2966200
2011-02-14,34.0099983215332,34.16999816894531,33.720001220703125,33.72999954223633,4.094557762145996,2231600
2011-02-15,33.720001220703125,34.04999923706055,33.68000030517578,34.0,4.1273345947265625,2190400
2011-02-16,34.08000183105469,34.709999084472656,33.83000183105469,34.25,4.157680988311768,2676800
2011-02-17,35.79999923706055,36.29999923706055,35.0099983215332,36.20000076293945,4.394395351409912,4536000
2011-02-18,36.27000045776367,36.59000015258789,35.779998779296875,36.40999984741211,4.419888973236084,2295300
2011-02-22,36.09000015258789,36.27000045776367,35.63999938964844,35.79999923706055,4.345839023590088,1939900
2011-02-23,35.709999084472656,35.93000030517578,35.36000061035156,35.54999923706055,4.315489768981934,2027200
2011-02-24,35.65999984741211,36.290000915527344,35.54999923706055,35.84000015258789,4.3506951332092285,1781700
2011-02-25,35.90999984741211,36.45000076293945,35.810001373291016,36.43000030517578,4.422317028045654,1229000
2011-02-28,36.439998626708984,36.5,36.0099983215332,36.060001373291016,4.377400875091553,2191200
2011-03-01,36.220001220703125,36.63999938964844,36.09000015258789,36.5099983215332,4.432027816772461,2431500
2011-03-02,36.38999938964844,36.79999923706055,36.25,36.41999816894531,4.421102523803711,2013000
2011-03-03,36.650001525878906,37.36000061035156,36.650001525878906,37.310001373291016,4.529142379760742,2132700
2011-03-04,37.209999084472656,37.459999084472656,37.099998474121094,37.40999984741211,4.541280746459961,2334300
2011-03-07,37.40999984741211,37.779998779296875,37.22999954223633,37.349998474121094,4.533997535705566,2959900
2011-03-08,37.4900016784668,37.90999984741211,37.33000183105469,37.58000183105469,4.561916828155518,1680800
2011-03-09,37.619998931884766,38.040000915527344,37.58000183105469,37.970001220703125,4.609260559082031,1784600
2011-03-10,37.630001068115234,37.70000076293945,37.0099983215332,37.2599983215332,4.5230712890625,2868000
2011-03-11,37.43000030517578,37.709999084472656,37.29999923706055,37.470001220703125,4.548563480377197,1564000
2011-03-14,37.459999084472656,37.849998474121094,37.31999969482422,37.70000076293945,4.576484680175781,1788300
2011-03-15,37.08000183105469,37.650001525878906,36.720001220703125,37.41999816894531,4.542495250701904,1770600
2011-03-16,37.380001068115234,37.72999954223633,36.90999984741211,36.9900016784668,4.49029541015625,1979100
2011-03-17,37.119998931884766,37.560001373291016,37.04999923706055,37.2599983215332,4.5538482666015625,2826000
2011-03-18,37.4900016784668,37.959999084472656,37.400001525878906,37.880001068115234,4.629624366760254,2730800
2011-03-21,38.08000183105469,38.150001525878906,36.93000030517578,37.0,4.522073268890381,2069100
2011-03-22,37.040000915527344,37.400001525878906,36.86000061035156,37.380001068115234,4.568514823913574,1517400
2011-03-23,37.2400016784668,37.88999938964844,37.2400016784668,37.70000076293945,4.607626914978027,1314100
2011-03-24,37.75,38.25,37.65999984741211,37.880001068115234,4.629624366760254,1155900
2011-03-25,37.95000076293945,38.209999084472656,37.810001373291016,37.880001068115234,4.629624366760254,889400
2011-03-28,37.400001525878906,37.790000915527344,36.9900016784668,37.310001373291016,4.559961318969727,1587400
2011-03-29,37.2599983215332,37.66999816894531,37.13999938964844,37.54999923706055,4.589293003082275,1052200
2011-03-30,37.720001220703125,37.790000915527344,36.810001373291016,37.40999984741211,4.5721821784973145,2636200
2011-03-31,37.349998474121094,37.5,36.9900016784668,37.15999984741211,4.541627407073975,2161000
2011-04-01,37.349998474121094,37.7599983215332,37.310001373291016,37.5099983215332,4.584402084350586,2593300
2011-04-04,37.58000183105469,37.95000076293945,37.45000076293945,37.7400016784668,4.612516403198242,1257200
2011-04-05,37.59000015258789,37.810001373291016,37.38999938964844,37.40999984741211,4.5721821784973145,1146000
2011-04-06,37.529998779296875,37.689998626708984,37.400001525878906,37.56999969482422,4.59173583984375,1164900
2011-04-07,37.529998779296875,37.93000030517578,37.4900016784668,37.650001525878906,4.601516246795654,1408700
2011-04-08,37.86000061035156,38.150001525878906,37.290000915527344,37.459999084472656,4.578293323516846,1513300
2011-04-11,36.59000015258789,38.16999816894531,36.20000076293945,38.150001525878906,4.662623882293701,3976900
2011-04-12,37.959999084472656,39.88999938964844,37.91999816894531,38.66999816894531,4.726177215576172,4588200
2011-04-13,38.70000076293945,38.790000915527344,38.16999816894531,38.54999923706055,4.711511135101318,2404400
2011-04-14,38.400001525878906,38.95000076293945,38.150001525878906,38.65999984741211,4.724953651428223,1959800
2011-04-15,38.439998626708984,38.790000915527344,38.27000045776367,38.310001373291016,4.682178020477295,2433300
2011-04-18,37.939998626708984,38.65999984741211,37.84000015258789,38.540000915527344,4.7102885246276855,2076300
2011-04-19,38.5,38.849998474121094,38.279998779296875,38.81999969482422,4.744510173797607,1730900
2011-04-20,39.040000915527344,39.13999938964844,38.81999969482422,38.869998931884766,4.750621318817139,1384400
2011-04-21,38.90999984741211,39.41999816894531,38.709999084472656,39.06999969482422,4.775064468383789,1230000
2011-04-25,38.9900016784668,38.9900016784668,38.70000076293945,38.75,4.735954284667969,1347400
2011-04-26,38.7400016784668,38.869998931884766,38.400001525878906,38.630001068115234,4.721290111541748,2800000
2011-04-27,39.540000915527344,40.43000030517578,39.470001220703125,40.060001373291016,4.896059989929199,4116600
2011-04-28,40.099998474121094,40.099998474121094,39.29999923706055,39.619998931884766,4.842285633087158,2695600
2011-04-29,39.689998626708984,39.790000915527344,39.16999816894531,39.20000076293945,4.790955543518066,1540100
2011-05-02,39.400001525878906,39.63999938964844,39.04999923706055,39.38999938964844,4.814173698425293,1975800
2011-05-03,39.349998474121094,39.72999954223633,39.209999084472656,39.720001220703125,4.85450553894043,1910100
2011-05-04,39.619998931884766,39.81999969482422,39.029998779296875,39.209999084472656,4.792173862457275,1872100
2011-05-05,39.08000183105469,39.45000076293945,38.90999984741211,39.279998779296875,4.800730228424072,1335900
2011-05-06,39.380001068115234,39.849998474121094,39.119998931884766,39.279998779296875,4.800730228424072,1743200
2011-05-09,39.189998626708984,39.4900016784668,39.130001068115234,39.380001068115234,4.812952041625977,1599100
2011-05-10,39.459999084472656,39.650001525878906,39.27000045776367,39.650001525878906,4.845950126647949,915300
2011-05-11,39.90999984741211,40.790000915527344,39.88999938964844,40.75,4.980391025543213,3895100
2011-05-12,40.099998474121094,41.5099983215332,39.58000183105469,41.41999816894531,5.062278747558594,3763500
2011-05-13,41.54999923706055,42.06999969482422,41.52000045776367,41.779998779296875,5.106276035308838,2401900
2011-05-16,41.63999938964844,41.900001525878906,41.5,41.86000061035156,5.116053581237793,1799500
2011-05-17,41.84000015258789,42.27000045776367,41.720001220703125,42.220001220703125,5.16005277633667,1696600
2011-05-18,42.150001525878906,42.150001525878906,41.40999984741211,41.63999938964844,5.089165210723877,2099900
2011-05-19,42.369998931884766,42.369998931884766,41.88999938964844,42.279998779296875,5.167385101318359,1719600
2011-05-20,42.279998779296875,42.439998626708984,41.810001373291016,42.099998474121094,5.145384788513184,1612600
2011-05-23,41.790000915527344,41.97999954223633,41.560001373291016,41.900001525878906,5.120943546295166,1432500
2011-05-24,41.900001525878906,42.119998931884766,41.72999954223633,41.90999984741211,5.122163772583008,1652200
2011-05-25,41.790000915527344,41.79999923706055,41.31999969482422,41.439998626708984,5.064722537994385,1578400
2011-05-26,41.36000061035156,41.619998931884766,41.2400016784668,41.560001373291016,5.0793867111206055,2049000
2011-05-27,41.4900016784668,41.90999984741211,40.97999954223633,41.060001373291016,5.0182785987854,2543300
2011-05-31,41.29999923706055,41.459999084472656,40.79999923706055,41.20000076293945,5.035389423370361,2686300
2011-06-01,41.150001525878906,41.16999816894531,40.90999984741211,40.939998626708984,5.003612041473389,1940900
2011-06-02,40.97999954223633,41.130001068115234,40.54999923706055,40.7599983215332,4.981614112854004,1527900
2011-06-03,40.47999954223633,40.560001373291016,40.16999816894531,40.29999923706055,4.925393581390381,1380700
2011-06-06,40.36000061035156,40.40999984741211,40.0099983215332,40.06999969482422,4.897282600402832,1171700
2011-06-07,40.20000076293945,40.380001068115234,40.08000183105469,40.16999816894531,4.909504413604736,1644400
2011-06-08,40.20000076293945,40.20000076293945,39.689998626708984,39.7400016784668,4.8569512367248535,1651800
2011-06-09,39.75,40.119998931884766,39.709999084472656,39.90999984741211,4.877726078033447,1564800
2011-06-10,39.79999923706055,40.47999954223633,39.790000915527344,40.310001373291016,4.926615238189697,1905600
2011-06-13,40.290000915527344,41.150001525878906,40.099998474121094,40.77000045776367,4.982836723327637,2232700
2011-06-14,41.02000045776367,41.209999084472656,40.77000045776367,41.119998931884766,5.025611877441406,2341900
2011-06-15,40.869998931884766,41.0,40.47999954223633,40.720001220703125,4.976724624633789,2136900
2011-06-16,40.599998474121094,40.84000015258789,40.310001373291016,40.68000030517578,5.01121711730957,1697900
2011-06-17,40.939998626708984,41.20000076293945,40.380001068115234,40.540000915527344,4.993972301483154,2137400
2011-06-20,40.54999923706055,40.90999984741211,40.459999084472656,40.900001525878906,5.038317680358887,1191100
2011-06-21,40.91999816894531,41.18000030517578,40.7400016784668,40.810001373291016,5.027231216430664,1386700
2011-06-22,40.599998474121094,40.79999923706055,40.439998626708984,40.439998626708984,4.98165225982666,1438500
2011-06-23,40.060001373291016,40.130001068115234,39.54999923706055,40.040000915527344,4.932377815246582,3028900
2011-06-24,40.130001068115234,40.45000076293945,39.810001373291016,39.88999938964844,4.9138994216918945,3605800
2011-06-27,40.02000045776367,40.83000183105469,40.0099983215332,40.54999923706055,4.995203018188477,1423200
2011-06-28,40.599998474121094,40.79999923706055,40.400001525878906,40.779998779296875,5.023534774780273,1821700
2011-06-29,40.88999938964844,41.5,40.81999969482422,41.40999984741211,5.101142883300781,1985200
2011-06-30,41.400001525878906,42.41999816894531,41.36000061035156,41.93000030517578,5.1651997566223145,2584400
2011-07-01,41.849998474121094,42.209999084472656,41.689998626708984,42.150001525878906,5.192300319671631,1577900
2011-07-05,42.150001525878906,43.130001068115234,42.150001525878906,42.7400016784668,5.264981746673584,2648300
2011-07-06,42.59000015258789,43.099998474121094,42.45000076293945,42.810001373291016,5.273603916168213,2146800
2011-07-07,42.83000183105469,42.959999084472656,41.650001525878906,41.650001525878906,5.130706787109375,3109400
2011-07-08,41.470001220703125,42.099998474121094,41.40999984741211,41.91999816894531,5.16396951675415,2159400
2011-07-11,41.709999084472656,41.72999954223633,41.11000061035156,41.2599983215332,5.08266544342041,1186300
2011-07-12,41.290000915527344,41.630001068115234,41.2599983215332,41.459999084472656,5.107300758361816,1471600
2011-07-13,41.54999923706055,41.720001220703125,41.290000915527344,41.470001220703125,5.108535289764404,1363900
2011-07-14,41.459999084472656,41.459999084472656,40.849998474121094,40.869998931884766,5.034623622894287,1947000
2011-07-15,40.91999816894531,41.04999923706055,40.619998931884766,40.83000183105469,5.029695510864258,1356000
2011-07-18,40.58000183105469,40.61000061035156,39.61000061035156,39.77000045776367,4.899117469787598,2397900
2011-07-19,40.0,40.83000183105469,39.90999984741211,40.779998779296875,5.023534774780273,1887000
2011-07-20,40.720001220703125,40.90999984741211,40.380001068115234,40.77000045776367,5.022305011749268,1035600
2011-07-21,40.959999084472656,41.0,40.36000061035156,40.4900016784668,4.987811088562012,2017000
2011-07-22,40.66999816894531,40.709999084472656,40.31999969482422,40.36000061035156,4.97179651260376,1402200
2011-07-25,40.029998779296875,40.029998779296875,39.61000061035156,39.720001220703125,4.89295768737793,2698900
2011-07-26,39.90999984741211,39.90999984741211,39.560001373291016,39.63999938964844,4.8831024169921875,2178100
2011-07-27,39.75,39.75,38.29999923706055,38.630001068115234,4.75868558883667,3144100
2011-07-28,38.59000015258789,38.65999984741211,37.97999954223633,38.25,4.711873531341553,2191200
2011-07-29,37.790000915527344,38.2400016784668,37.56999969482422,37.7599983215332,4.651512622833252,1969200
2011-08-01,38.0099983215332,38.189998626708984,37.38999938964844,37.56999969482422,4.628106594085693,1948000
2011-08-02,37.279998779296875,37.66999816894531,37.27000045776367,37.310001373291016,4.596080303192139,2360000
2011-08-03,37.310001373291016,38.040000915527344,37.13999938964844,37.88999938964844,4.667527198791504,2287700
2011-08-04,37.470001220703125,37.66999816894531,36.47999954223633,36.58000183105469,4.5061540603637695,3174900
2011-08-05,36.849998474121094,37.70000076293945,36.70000076293945,37.439998626708984,4.612094879150391,4013300
2011-08-08,36.83000183105469,37.04999923706055,35.560001373291016,35.560001373291016,4.380503177642822,4437500
2011-08-09,35.86000061035156,36.2400016784668,34.369998931884766,36.220001220703125,4.461806297302246,4043800
2011-08-10,35.72999954223633,36.77000045776367,34.91999816894531,35.0099983215332,4.312751770019531,2677100
2011-08-11,35.150001525878906,37.0099983215332,34.91999816894531,36.630001068115234,4.512310981750488,2063100
2011-08-12,36.75,37.77000045776367,36.560001373291016,37.43000030517578,4.610862731933594,1873300
2011-08-15,37.4900016784668,37.560001373291016,36.66999816894531,37.04999923706055,4.564050197601318,2803500
2011-08-16,36.790000915527344,37.2400016784668,36.56999969482422,36.88999938964844,4.544339656829834,1885700
2011-08-17,37.189998626708984,37.380001068115234,36.810001373291016,37.18000030517578,4.580064296722412,1892600
2011-08-18,36.45000076293945,36.540000915527344,35.77000045776367,36.27000045776367,4.467965602874756,1909900
2011-08-19,36.029998779296875,36.4900016784668,35.58000183105469,35.7400016784668,4.402676582336426,1642500
2011-08-22,36.279998779296875,36.279998779296875,35.70000076293945,35.83000183105469,4.413763523101807,1149300
2011-08-23,35.93000030517578,36.5,35.650001525878906,36.41999816894531,4.486442565917969,1851100
2011-08-24,36.2400016784668,36.52000045776367,35.939998626708984,36.09000015258789,4.445791244506836,1472900
2011-08-25,36.18000030517578,36.29999923706055,35.54999923706055,35.59000015258789,4.384198188781738,1598300
2011-08-26,35.47999954223633,36.56999969482422,34.93000030517578,36.56999969482422,4.5049214363098145,1745200
2011-08-29,36.93000030517578,37.84000015258789,36.84000015258789,37.84000015258789,4.661367893218994,1244300
2011-08-30,37.630001068115234,38.189998626708984,37.400001525878906,38.06999969482422,4.689699649810791,1765000
2011-08-31,38.2599983215332,38.59000015258789,38.15999984741211,38.47999954223633,4.740208148956299,1748800
2011-09-01,38.38999938964844,38.470001220703125,38.0,38.22999954223633,4.70941162109375,1822900
2011-09-02,37.630001068115234,37.959999084472656,37.52000045776367,37.72999954223633,4.647817134857178,1787000
2011-09-06,36.79999923706055,37.4900016784668,36.529998779296875,37.43000030517578,4.610862731933594,1897400
2011-09-07,37.83000183105469,37.900001525878906,37.470001220703125,37.59000015258789,4.630571365356445,1555700
2011-09-08,37.400001525878906,37.720001220703125,37.29999923706055,37.349998474121094,4.601006031036377,2223300
2011-09-09,37.02000045776367,37.04999923706055,36.599998474121094,36.849998474121094,4.539414882659912,3735400
2011-09-12,36.41999816894531,36.959999084472656,36.349998474121094,36.83000183105469,4.53695011138916,4301000
2011-09-13,36.90999984741211,37.75,36.84000015258789,37.560001373291016,4.626875400543213,1738600
2011-09-14,37.619998931884766,38.34000015258789,37.2599983215332,38.0099983215332,4.682309150695801,2011800
2011-09-15,37.81999969482422,38.060001373291016,37.41999816894531,37.939998626708984,4.713367462158203,1583100
2011-09-16,38.08000183105469,38.54999923706055,38.0,38.43000030517578,4.774242401123047,1893000
2011-09-19,37.880001068115234,38.08000183105469,37.599998474121094,37.90999984741211,4.709640979766846,682800
2011-09-20,38.0099983215332,38.65999984741211,37.90999984741211,38.20000076293945,4.745667934417725,1186900
2011-09-21,38.25,38.369998931884766,37.369998931884766,37.369998931884766,4.642556190490723,2152600
2011-09-22,36.58000183105469,37.810001373291016,36.369998931884766,37.560001373291016,4.666158199310303,2328700
2011-09-23,37.31999969482422,37.45000076293945,36.77000045776367,36.970001220703125,4.592862129211426,2883600
2011-09-26,37.18000030517578,37.34000015258789,36.540000915527344,37.22999954223633,4.625162601470947,1957600
2011-09-27,37.689998626708984,37.95000076293945,37.08000183105469,37.20000076293945,4.621435642242432,2208000
2011-09-28,37.33000183105469,37.599998474121094,36.470001220703125,36.5099983215332,4.535714626312256,1474900
2011-09-29,36.95000076293945,38.15999984741211,36.900001525878906,38.15999984741211,4.740699291229248,2393700
2011-09-30,37.83000183105469,39.040000915527344,37.72999954223633,38.779998779296875,4.817722320556641,2821800
2011-10-03,38.5099983215332,38.880001068115234,37.22999954223633,37.2400016784668,4.626404285430908,2365100
2011-10-04,36.869998931884766,37.52000045776367,36.34000015258789,37.459999084472656,4.6537370681762695,2100000
2011-10-05,37.52000045776367,37.599998474121094,36.75,37.02000045776367,4.599073886871338,1737700
2011-10-06,36.91999816894531,37.83000183105469,36.59000015258789,37.810001373291016,4.697216987609863,1766700
2011-10-07,38.08000183105469,38.83000183105469,37.880001068115234,38.470001220703125,4.779210567474365,2037400
2011-10-10,39.099998474121094,39.25,38.720001220703125,39.2400016784668,4.874870777130127,1386400
2011-10-11,39.0,39.13999938964844,38.7400016784668,38.939998626708984,4.837599754333496,1553600
2011-10-12,39.099998474121094,39.810001373291016,38.97999954223633,39.720001220703125,4.934499740600586,2249700
2011-10-13,39.47999954223633,39.93000030517578,39.27000045776367,39.70000076293945,4.932016849517822,1184000
2011-10-14,39.900001525878906,40.02000045776367,39.63999938964844,39.79999923706055,4.9444403648376465,1124800
2011-10-17,39.709999084472656,39.81999969482422,39.029998779296875,39.220001220703125,4.872384548187256,1297500
2011-10-18,39.119998931884766,39.81999969482422,38.459999084472656,39.47999954223633,4.904685020446777,1422800
2011-10-19,39.380001068115234,39.75,39.150001525878906,39.220001220703125,4.872384548187256,1230600
2011-10-20,39.310001373291016,39.540000915527344,39.130001068115234,39.439998626708984,4.899714469909668,1073900
2011-10-21,39.91999816894531,40.119998931884766,39.84000015258789,40.08000183105469,4.979223728179932,2250500
2011-10-24,40.029998779296875,40.25,39.9900016784668,40.119998931884766,4.984193801879883,1740700
2011-10-25,39.97999954223633,40.2400016784668,39.310001373291016,39.34000015258789,4.887292385101318,1855500
2011-10-26,39.75,40.04999923706055,37.13999938964844,37.90999984741211,4.709640979766846,4602200
2011-10-27,38.65999984741211,38.65999984741211,36.59000015258789,36.849998474121094,4.577955722808838,4769100
2011-10-28,37.130001068115234,37.63999938964844,36.84000015258789,37.38999938964844,4.645041465759277,2746300
2011-10-31,36.9900016784668,38.16999816894531,36.970001220703125,37.45000076293945,4.65249490737915,2270000
2011-11-01,36.88999938964844,37.08000183105469,36.439998626708984,36.599998474121094,4.5468974113464355,2002400
2011-11-02,37.029998779296875,37.56999969482422,36.75,37.09000015258789,4.60776948928833,1521600
2011-11-03,37.310001373291016,37.790000915527344,37.08000183105469,37.720001220703125,4.686036586761475,1436700
2011-11-04,37.439998626708984,37.4900016784668,37.029998779296875,37.130001068115234,4.612739086151123,1825400
2011-11-07,37.22999954223633,37.470001220703125,36.630001068115234,37.400001525878906,4.64628267288208,1917500
2011-11-08,37.38999938964844,37.45000076293945,36.75,37.08000183105469,4.606527805328369,1927500
2011-11-09,36.529998779296875,36.79999923706055,36.20000076293945,36.4900016784668,4.533231258392334,1806500
2011-11-10,36.88999938964844,37.41999816894531,36.56999969482422,37.400001525878906,4.64628267288208,2266700
2011-11-11,37.63999938964844,37.68000030517578,37.16999816894531,37.189998626708984,4.620192527770996,1680500
2011-11-14,37.16999816894531,37.38999938964844,36.459999084472656,36.529998779296875,4.538200378417969,1502600
2011-11-15,36.540000915527344,36.86000061035156,36.459999084472656,36.720001220703125,4.561803817749023,1177800
2011-11-16,36.4900016784668,36.75,36.0,36.06999969482422,4.481053829193115,1633000
2011-11-17,36.0,36.47999954223633,35.54999923706055,35.790000915527344,4.446267604827881,1644300
2011-11-18,36.18000030517578,37.02000045776367,36.04999923706055,36.720001220703125,4.561803817749023,2886000
2011-11-21,36.29999923706055,36.599998474121094,35.83000183105469,35.83000183105469,4.451237678527832,1601700
2011-11-22,35.7400016784668,35.849998474121094,35.47999954223633,35.68000030517578,4.4326043128967285,1121100
2011-11-23,35.290000915527344,35.31999969482422,34.720001220703125,34.779998779296875,4.3207926750183105,1472300
2011-11-25,34.68000030517578,35.22999954223633,34.650001525878906,34.959999084472656,4.3431549072265625,497400
2011-11-28,35.43000030517578,35.84000015258789,35.33000183105469,35.70000076293945,4.435089588165283,2283400
2011-11-29,35.869998931884766,36.04999923706055,35.47999954223633,35.56999969482422,4.418938636779785,2928700
2011-11-30,36.220001220703125,36.81999969482422,36.220001220703125,36.529998779296875,4.538200378417969,2183800
2011-12-01,36.61000061035156,37.060001373291016,36.540000915527344,36.63999938964844,4.55186653137207,1155500
2011-12-02,36.81999969482422,36.88999938964844,36.599998474121094,36.689998626708984,4.558076858520508,961800
2011-12-05,37.09000015258789,37.709999084472656,37.08000183105469,37.70000076293945,4.6835527420043945,1865700
2011-12-06,37.810001373291016,37.900001525878906,37.439998626708984,37.560001373291016,4.666158199310303,1301700
2011-12-07,37.560001373291016,37.84000015258789,37.380001068115234,37.72999954223633,4.68727970123291,1201500
2011-12-08,37.599998474121094,38.130001068115234,37.599998474121094,37.91999816894531,4.710884094238281,1576600
2011-12-09,37.81999969482422,37.970001220703125,37.65999984741211,37.81999969482422,4.698460102081299,1253000
2011-12-12,37.790000915527344,37.790000915527344,37.2599983215332,37.779998779296875,4.6934895515441895,1444100
2011-12-13,37.93000030517578,38.4900016784668,37.59000015258789,37.65999984741211,4.678583145141602,1892100
2011-12-14,37.709999084472656,37.93000030517578,37.4900016784668,37.779998779296875,4.6934895515441895,1514800
2011-12-15,37.689998626708984,38.36000061035156,37.470001220703125,38.20000076293945,4.786208152770996,2092900
2011-12-16,38.36000061035156,39.029998779296875,38.25,38.810001373291016,4.862637996673584,3245100
2011-12-19,38.939998626708984,39.150001525878906,38.369998931884766,38.529998779296875,4.8275556564331055,1788400
2011-12-20,38.790000915527344,39.529998779296875,38.790000915527344,39.2400016784668,4.916513919830322,1876900
2011-12-21,39.2400016784668,39.720001220703125,39.15999984741211,39.31999969482422,4.926535606384277,1752000
2011-12-22,39.36000061035156,39.52000045776367,39.09000015258789,39.279998779296875,4.921523094177246,1124200
2011-12-23,39.349998474121094,39.880001068115234,39.20000076293945,39.83000183105469,4.990436553955078,885700
2011-12-27,39.849998474121094,40.060001373291016,39.77000045776367,39.880001068115234,4.996699810028076,1270600
2011-12-28,39.900001525878906,39.939998626708984,39.36000061035156,39.40999984741211,4.937812805175781,980600
2011-12-29,39.540000915527344,40.060001373291016,39.52000045776367,39.90999984741211,5.000457763671875,907100
2011-12-30,39.86000061035156,39.97999954223633,39.349998474121094,39.47999954223633,4.946584224700928,857600
2012-01-03,39.869998931884766,39.97999954223633,37.810001373291016,38.34000015258789,4.803749084472656,3213100
2012-01-04,38.31999969482422,38.650001525878906,38.310001373291016,38.54999923706055,4.830061435699463,1517300
2012-01-05,38.529998779296875,38.869998931884766,38.29999923706055,38.790000915527344,4.860130786895752,2057700
2012-01-06,38.779998779296875,38.810001373291016,38.47999954223633,38.52000045776367,4.826301097869873,1126600
2012-01-09,38.61000061035156,38.7400016784668,38.5,38.52000045776367,4.826301097869873,715800
2012-01-10,38.70000076293945,38.79999923706055,38.47999954223633,38.619998931884766,4.838830947875977,1065700
2012-01-11,38.41999816894531,38.52000045776367,38.060001373291016,38.150001525878906,4.779945373535156,1453800
2012-01-12,38.15999984741211,38.34000015258789,37.77000045776367,37.959999084472656,4.756136894226074,1618500
2012-01-13,37.18000030517578,37.95000076293945,36.5099983215332,37.81999969482422,4.7385969161987305,2768800
2012-01-17,38.18000030517578,38.38999938964844,37.560001373291016,37.630001068115234,4.714789867401123,1244900
2012-01-18,37.56999969482422,37.779998779296875,37.43000030517578,37.720001220703125,4.726067543029785,1397200
2012-01-19,37.59000015258789,37.72999954223633,37.22999954223633,37.33000183105469,4.677201747894287,1928000
2012-01-20,37.33000183105469,37.70000076293945,37.029998779296875,37.66999816894531,4.719802379608154,2385200
2012-01-23,37.619998931884766,38.33000183105469,37.619998931884766,38.09000015258789,4.772425174713135,1273800
2012-01-24,37.869998931884766,38.060001373291016,37.720001220703125,37.79999923706055,4.736091136932373,1495300
2012-01-25,37.65999984741211,38.86000061035156,37.619998931884766,38.7599983215332,4.85637092590332,1928000
2012-01-26,39.029998779296875,39.66999816894531,38.86000061035156,39.08000183105469,4.8964667320251465,2485300
2012-01-27,38.900001525878906,39.0,38.70000076293945,38.709999084472656,4.850107669830322,1413000
2012-01-30,38.529998779296875,38.689998626708984,38.209999084472656,38.369998931884766,4.807506561279297,1526100
2012-01-31,38.560001373291016,38.84000015258789,38.400001525878906,38.81999969482422,4.863889694213867,1485500
2012-02-01,38.90999984741211,39.349998474121094,38.869998931884766,39.04999923706055,4.892706394195557,1383400
2012-02-02,38.900001525878906,39.290000915527344,38.88999938964844,39.08000183105469,4.8964667320251465,1330000
2012-02-03,38.720001220703125,39.27000045776367,38.27000045776367,38.650001525878906,4.842589378356934,2725500
2012-02-06,38.439998626708984,38.75,38.220001220703125,38.33000183105469,4.802496910095215,1857000
2012-02-07,38.349998474121094,38.7400016784668,38.290000915527344,38.459999084472656,4.818783760070801,1735800
2012-02-08,38.40999984741211,38.7400016784668,38.099998474121094,38.18000030517578,4.783700466156006,1869900
2012-02-09,38.040000915527344,38.15999984741211,37.75,38.130001068115234,4.777435779571533,1794400
2012-02-10,37.790000915527344,38.52000045776367,37.72999954223633,38.5099983215332,4.825047492980957,1897900
2012-02-13,38.59000015258789,38.77000045776367,38.27000045776367,38.63999938964844,4.841335773468018,1439900
2012-02-14,38.720001220703125,39.150001525878906,38.5,39.11000061035156,4.9002251625061035,1717400
2012-02-15,40.599998474121094,41.77000045776367,39.5,39.900001525878906,4.99920654296875,4420600
2012-02-16,39.810001373291016,40.34000015258789,39.58000183105469,40.0,5.011735439300537,2675700
2012-02-17,40.130001068115234,40.18000030517578,39.36000061035156,39.54999923706055,4.9553542137146,2427700
2012-02-21,39.45000076293945,39.54999923706055,39.06999969482422,39.209999084472656,4.912753582000732,1697100
2012-02-22,38.880001068115234,39.27000045776367,38.47999954223633,38.880001068115234,4.871407508850098,1617100
2012-02-23,38.849998474121094,38.97999954223633,38.66999816894531,38.869998931884766,4.870153903961182,1204900
2012-02-24,38.86000061035156,38.9900016784668,38.31999969482422,38.59000015258789,4.835070610046387,2076800
2012-02-27,38.290000915527344,38.84000015258789,38.209999084472656,38.40999984741211,4.812519550323486,1659500
2012-02-28,38.380001068115234,38.47999954223633,38.08000183105469,38.119998931884766,4.776185035705566,1807000
2012-02-29,38.099998474121094,38.290000915527344,37.880001068115234,38.04999923706055,4.767415523529053,1636700
2012-03-01,38.16999816894531,38.7400016784668,37.939998626708984,38.13999938964844,4.778689384460449,2436300
2012-03-02,38.18000030517578,38.18000030517578,37.56999969482422,37.79999923706055,4.736091136932373,1955200
2012-03-05,37.79999923706055,37.88999938964844,37.36000061035156,37.86000061035156,4.743607044219971,2337800
2012-03-06,37.709999084472656,38.0,37.70000076293945,37.86000061035156,4.743607044219971,2318500
2012-03-07,37.86000061035156,37.95000076293945,37.439998626708984,37.68000030517578,4.721053600311279,1587900
2012-03-08,37.900001525878906,38.0,37.599998474121094,37.70000076293945,4.723561763763428,4386500
2012-03-09,37.790000915527344,38.150001525878906,37.619998931884766,38.09000015258789,4.772425174713135,4157500
2012-03-12,38.20000076293945,38.65999984741211,37.91999816894531,38.529998779296875,4.8275556564331055,4494300
2012-03-13,38.7599983215332,39.0,38.599998474121094,38.93000030517578,4.877670764923096,1502900
2012-03-14,38.939998626708984,39.09000015258789,38.58000183105469,38.650001525878906,4.842589378356934,2313100
2012-03-15,38.27000045776367,38.560001373291016,38.0,38.45000076293945,4.860285758972168,1731000
2012-03-16,38.47999954223633,38.58000183105469,38.099998474121094,38.54999923706055,4.872927665710449,2744000
2012-03-19,38.43000030517578,38.77000045776367,38.31999969482422,38.65999984741211,4.8868303298950195,1210700
2012-03-20,38.52000045776367,38.56999969482422,38.349998474121094,38.380001068115234,4.851437091827393,1437800
2012-03-21,38.38999938964844,38.650001525878906,38.349998474121094,38.599998474121094,4.879247188568115,1454900
2012-03-22,38.33000183105469,38.959999084472656,38.20000076293945,38.95000076293945,4.923489570617676,1842700
2012-03-23,39.02000045776367,39.04999923706055,38.54999923706055,38.77000045776367,4.900735378265381,1528100
2012-03-26,38.939998626708984,39.369998931884766,38.66999816894531,38.7599983215332,4.899470329284668,1938200
2012-03-27,38.72999954223633,38.880001068115234,38.54999923706055,38.56999969482422,4.875455856323242,1407600
2012-03-28,38.619998931884766,38.810001373291016,38.439998626708984,38.689998626708984,4.890624523162842,1816600
2012-03-29,38.59000015258789,39.75,38.52000045776367,39.75,5.024611949920654,2388200
2012-03-30,39.88999938964844,40.2599983215332,39.7599983215332,40.209999084472656,5.082760810852051,3485700
2012-04-02,40.22999954223633,40.630001068115234,40.130001068115234,40.619998931884766,5.134584903717041,2448900
2012-04-03,40.63999938964844,40.63999938964844,40.2400016784668,40.459999084472656,5.114361763000488,2091000
2012-04-04,40.349998474121094,40.43000030517578,40.16999816894531,40.29999923706055,5.094136714935303,1943100
2012-04-05,40.150001525878906,40.54999923706055,39.849998474121094,40.540000915527344,5.124474048614502,2216900
2012-04-09,40.290000915527344,40.290000915527344,39.54999923706055,39.77000045776367,5.027141571044922,1854800
2012-04-10,39.77000045776367,39.790000915527344,39.279998779296875,39.279998779296875,4.9652018547058105,2386900
2012-04-11,39.540000915527344,39.630001068115234,39.33000183105469,39.470001220703125,4.989220142364502,1391000
2012-04-12,39.400001525878906,39.40999984741211,38.7599983215332,39.13999938964844,4.947506427764893,1519800
2012-04-13,39.08000183105469,39.7599983215332,39.08000183105469,39.2599983215332,4.962674617767334,3625100
2012-04-16,39.2599983215332,39.540000915527344,39.06999969482422,39.36000061035156,4.975316524505615,1863300
2012-04-17,39.630001068115234,40.209999084472656,39.45000076293945,40.08000183105469,5.066326141357422,1695100
2012-04-18,40.0,40.439998626708984,39.900001525878906,40.38999938964844,5.105514049530029,1921200
2012-04-19,40.439998626708984,40.70000076293945,40.380001068115234,40.5,5.119417667388916,1743300
2012-04-20,40.560001373291016,40.70000076293945,40.5099983215332,40.59000015258789,5.13079309463501,1474800
2012-04-23,40.25,40.2599983215332,39.88999938964844,39.959999084472656,5.051158905029297,2129300
2012-04-24,40.0,40.59000015258789,39.97999954223633,40.31999969482422,5.096664905548096,2150600
2012-04-25,39.4900016784668,39.65999984741211,38.25,39.310001373291016,4.968994617462158,5330700
2012-04-26,39.779998779296875,39.97999954223633,39.470001220703125,39.709999084472656,5.019557476043701,2730700
2012-04-27,39.86000061035156,39.939998626708984,39.43000030517578,39.709999084472656,5.019557476043701,1823600
2012-04-30,39.63999938964844,41.029998779296875,39.63999938964844,40.58000183105469,5.129531383514404,4467100
2012-05-01,40.459999084472656,40.68000030517578,40.209999084472656,40.52000045776367,5.121944904327393,1374900
2012-05-02,40.5,42.04999923706055,40.33000183105469,41.31999969482422,5.223069667816162,3512500
2012-05-03,41.16999816894531,41.400001525878906,40.0099983215332,40.11000061035156,5.070119857788086,4329200
2012-05-04,40.099998474121094,40.38999938964844,39.91999816894531,39.91999816894531,5.046103477478027,1967300
2012-05-07,39.959999084472656,40.22999954223633,39.59000015258789,39.81999969482422,5.033461570739746,2878000
2012-05-08,39.72999954223633,40.77000045776367,39.650001525878906,40.59000015258789,5.13079309463501,3331100
2012-05-09,40.33000183105469,41.20000076293945,40.279998779296875,40.95000076293945,5.17629861831665,2531000
2012-05-10,41.060001373291016,41.349998474121094,40.7599983215332,41.18000030517578,5.205371856689453,1915400
2012-05-11,41.0,41.310001373291016,40.90999984741211,40.95000076293945,5.17629861831665,1353800
2012-05-14,40.66999816894531,40.84000015258789,40.349998474121094,40.810001373291016,5.158603191375732,1834000
2012-05-15,40.72999954223633,40.75,40.33000183105469,40.43000030517578,5.110569477081299,2119800
2012-05-16,40.47999954223633,41.34000015258789,40.2400016784668,41.09000015258789,5.193996429443359,2834000
2012-05-17,41.150001525878906,41.20000076293945,40.81999969482422,40.83000183105469,5.161132335662842,2164900
2012-05-18,40.939998626708984,40.939998626708984,40.130001068115234,40.25,5.0878167152404785,2824400
2012-05-21,40.36000061035156,40.61000061035156,40.220001220703125,40.56999969482422,5.12826681137085,1938500
2012-05-22,40.70000076293945,41.220001220703125,40.5,40.90999984741211,5.171242713928223,2049600
2012-05-23,40.75,41.150001525878906,40.59000015258789,41.119998931884766,5.197788238525391,1716500
2012-05-24,41.13999938964844,41.310001373291016,40.56999969482422,40.7599983215332,5.15228271484375,2326500
2012-05-25,40.709999084472656,41.27000045776367,40.619998931884766,41.09000015258789,5.193996429443359,1696300
2012-05-29,41.209999084472656,41.209999084472656,40.7400016784668,41.099998474121094,5.195260047912598,1827800
2012-05-30,40.970001220703125,41.22999954223633,40.79999923706055,41.09000015258789,5.193996429443359,2172300
2012-05-31,41.56999969482422,41.56999969482422,41.11000061035156,41.2599983215332,5.215485095977783,2575000
2012-06-01,40.810001373291016,41.029998779296875,40.5,40.630001068115234,5.13585090637207,2124000
2012-06-04,40.7400016784668,41.099998474121094,40.56999969482422,40.83000183105469,5.161132335662842,1557300
2012-06-05,40.619998931884766,40.939998626708984,40.5,40.84000015258789,5.162395000457764,1018100
2012-06-06,40.90999984741211,41.4900016784668,40.86000061035156,41.38999938964844,5.231917381286621,1670000
2012-06-07,41.61000061035156,42.13999938964844,41.43000030517578,41.86000061035156,5.2913289070129395,1916600
2012-06-08,41.880001068115234,42.68000030517578,41.790000915527344,42.63999938964844,5.3899245262146,2159900
2012-06-11,42.790000915527344,42.95000076293945,42.38999938964844,42.45000076293945,5.365906715393066,2263100
2012-06-12,42.9900016784668,43.7599983215332,42.810001373291016,43.650001525878906,5.517594814300537,4569800
2012-06-13,43.43000030517578,43.5,42.70000076293945,43.220001220703125,5.463241100311279,4131100
2012-06-14,42.880001068115234,43.130001068115234,41.869998931884766,42.869998931884766,5.4619646072387695,3511100
2012-06-15,43.0,43.06999969482422,42.650001525878906,42.689998626708984,5.439033031463623,2906900
2012-06-18,42.81999969482422,43.040000915527344,42.66999816894531,42.900001525878906,5.465787410736084,1237100
2012-06-19,42.939998626708984,43.29999923706055,42.7400016784668,42.81999969482422,5.455594539642334,1438600
2012-06-20,42.7599983215332,42.869998931884766,42.369998931884766,42.65999984741211,5.435210227966309,1071400
2012-06-21,42.709999084472656,43.09000015258789,42.209999084472656,42.220001220703125,5.379151821136475,1716500
2012-06-22,42.43000030517578,43.2599983215332,42.36000061035156,42.900001525878906,5.465787410736084,2596400
2012-06-25,42.599998474121094,42.900001525878906,42.540000915527344,42.65999984741211,5.435210227966309,1321000
2012-06-26,42.70000076293945,42.779998779296875,42.16999816894531,42.52000045776367,5.417373180389404,1408900
2012-06-27,42.63999938964844,43.029998779296875,42.58000183105469,42.790000915527344,5.451773643493652,1211300
2012-06-28,42.61000061035156,43.4900016784668,42.2400016784668,43.470001220703125,5.538411617279053,2103100
2012-06-29,43.56999969482422,43.880001068115234,43.470001220703125,43.75,5.574085712432861,1975500
2012-07-02,43.61000061035156,43.849998474121094,43.400001525878906,43.540000915527344,5.547329902648926,1257900
2012-07-03,43.52000045776367,43.95000076293945,43.470001220703125,43.900001525878906,5.59319543838501,630600
2012-07-05,43.79999923706055,44.0,43.68000030517578,43.91999816894531,5.595743179321289,1309800
2012-07-06,43.58000183105469,43.810001373291016,43.25,43.310001373291016,5.5180253982543945,1065400
2012-07-09,43.369998931884766,43.650001525878906,43.099998474121094,43.22999954223633,5.507833003997803,1088000
2012-07-10,43.45000076293945,43.9900016784668,43.38999938964844,43.84000015258789,5.585551738739014,1311500
2012-07-11,43.86000061035156,43.88999938964844,43.36000061035156,43.630001068115234,5.558795928955078,937200
2012-07-12,43.5,43.81999969482422,43.2400016784668,43.70000076293945,5.567714214324951,1286400
2012-07-13,43.86000061035156,44.189998626708984,43.709999084472656,44.09000015258789,5.617404460906982,995600
2012-07-16,44.0,44.25,43.36000061035156,43.38999938964844,5.528218746185303,1329600
2012-07-17,43.58000183105469,43.83000183105469,43.22999954223633,43.63999938964844,5.560070037841797,2454000
2012-07-18,43.619998931884766,44.16999816894531,43.56999969482422,44.09000015258789,5.617404460906982,1168300
2012-07-19,44.06999969482422,44.400001525878906,43.869998931884766,43.95000076293945,5.599566459655762,1117600
2012-07-20,43.810001373291016,43.91999816894531,43.470001220703125,43.779998779296875,5.577908515930176,1122400
2012-07-23,43.38999938964844,43.59000015258789,43.02000045776367,43.5,5.542232036590576,832000
2012-07-24,43.45000076293945,43.650001525878906,42.90999984741211,43.34000015258789,5.521847248077393,1287700
2012-07-25,43.349998474121094,44.029998779296875,43.16999816894531,43.77000045776367,5.576633453369141,2122000
2012-07-26,44.43000030517578,44.849998474121094,42.34000015258789,44.65999984741211,5.690025806427002,3044200
2012-07-27,44.95000076293945,45.720001220703125,44.709999084472656,45.59000015258789,5.808514595031738,2282200
2012-07-30,45.459999084472656,45.84000015258789,45.29999923706055,45.58000183105469,5.807240962982178,1046100
2012-07-31,45.560001373291016,45.779998779296875,45.27000045776367,45.58000183105469,5.807240962982178,1453400
2012-08-01,45.689998626708984,45.709999084472656,45.220001220703125,45.45000076293945,5.790676593780518,1490500
2012-08-02,45.33000183105469,45.650001525878906,44.86000061035156,45.099998474121094,5.746084213256836,862900
2012-08-03,45.560001373291016,45.75,45.45000076293945,45.599998474121094,5.809787750244141,925900
2012-08-06,45.70000076293945,45.849998474121094,45.369998931884766,45.369998931884766,5.780484676361084,979100
2012-08-07,45.36000061035156,45.59000015258789,44.86000061035156,45.22999954223633,5.762650489807129,1734300
2012-08-08,45.220001220703125,45.61000061035156,45.06999969482422,45.47999954223633,5.794499397277832,1354100
2012-08-09,45.290000915527344,45.470001220703125,44.93000030517578,45.0099983215332,5.734618186950684,868600
2012-08-10,44.900001525878906,45.13999938964844,44.599998474121094,45.029998779296875,5.737165927886963,862000
2012-08-13,44.90999984741211,45.15999984741211,44.689998626708984,44.689998626708984,5.69384765625,917200
2012-08-14,44.849998474121094,45.060001373291016,44.81999969482422,44.970001220703125,5.729519367218018,978700
2012-08-15,45.0099983215332,45.22999954223633,44.880001068115234,45.040000915527344,5.738440036773682,759600
2012-08-16,44.900001525878906,45.130001068115234,44.790000915527344,44.90999984741211,5.721877098083496,1291000
2012-08-17,44.970001220703125,45.16999816894531,44.95000076293945,45.15999984741211,5.753730773925781,1443800
2012-08-20,45.04999923706055,45.43000030517578,44.88999938964844,45.43000030517578,5.788131237030029,701500
2012-08-21,45.45000076293945,45.540000915527344,45.16999816894531,45.31999969482422,5.774115562438965,1210100
2012-08-22,45.189998626708984,45.41999816894531,45.06999969482422,45.33000183105469,5.775388717651367,717800
2012-08-23,45.209999084472656,45.22999954223633,44.59000015258789,44.66999816894531,5.6912994384765625,1547300
2012-08-24,44.56999969482422,45.25,44.56999969482422,45.189998626708984,5.757551670074463,1074200
2012-08-27,45.27000045776367,45.52000045776367,45.060001373291016,45.34000015258789,5.776662826538086,541700
2012-08-28,45.25,45.29999923706055,44.9900016784668,44.9900016784668,5.732069969177246,647800
2012-08-29,45.0,45.09000015258789,44.880001068115234,45.060001373291016,5.7409892082214355,706800
2012-08-30,44.810001373291016,44.869998931884766,44.459999084472656,44.599998474121094,5.682380676269531,818900
2012-08-31,44.83000183105469,44.88999938964844,44.47999954223633,44.810001373291016,5.709136962890625,784800
2012-09-04,44.77000045776367,44.939998626708984,44.650001525878906,44.93000030517578,5.724426746368408,825700
2012-09-05,44.880001068115234,44.959999084472656,44.599998474121094,44.790000915527344,5.706589221954346,1091600
2012-09-06,45.0,45.52000045776367,44.900001525878906,45.439998626708984,5.789403915405273,1444700
2012-09-07,45.439998626708984,45.52000045776367,44.79999923706055,44.939998626708984,5.725700855255127,936800
2012-09-10,44.81999969482422,44.91999816894531,44.5,44.56999969482422,5.678558349609375,1245200
2012-09-11,44.689998626708984,44.880001068115234,44.529998779296875,44.83000183105469,5.711686611175537,1736700
2012-09-12,44.880001068115234,44.97999954223633,44.689998626708984,44.84000015258789,5.712958812713623,1468600
2012-09-13,44.66999816894531,45.5099983215332,44.54999923706055,45.400001525878906,5.828502655029297,1290100
2012-09-14,45.470001220703125,45.470001220703125,43.970001220703125,44.08000183105469,5.659040451049805,2364100
2012-09-17,43.9900016784668,44.31999969482422,43.560001373291016,44.029998779296875,5.652619361877441,3894800
2012-09-18,44.08000183105469,44.45000076293945,43.93000030517578,44.369998931884766,5.696269989013672,1241900
2012-09-19,44.4900016784668,44.880001068115234,44.400001525878906,44.689998626708984,5.737351417541504,1300300
2012-09-20,44.63999938964844,44.86000061035156,44.2400016784668,44.459999084472656,5.707823753356934,1742800
2012-09-21,44.61000061035156,44.63999938964844,43.720001220703125,43.77000045776367,5.619241714477539,1817100
2012-09-24,43.459999084472656,43.9900016784668,43.43000030517578,43.869998931884766,5.632079124450684,1294400
2012-09-25,44.0,44.099998474121094,43.61000061035156,43.689998626708984,5.6089701652526855,1333100
2012-09-26,43.709999084472656,44.119998931884766,43.709999084472656,43.959999084472656,5.643634796142578,1359200
2012-09-27,43.97999954223633,44.439998626708984,43.619998931884766,44.400001525878906,5.700121879577637,1162300
2012-09-28,44.31999969482422,44.619998931884766,44.15999984741211,44.529998779296875,5.716810703277588,2582500
2012-10-01,44.459999084472656,44.88999938964844,44.25,44.630001068115234,5.729649543762207,1999300
2012-10-02,44.79999923706055,44.79999923706055,44.40999984741211,44.650001525878906,5.732217311859131,1605200
2012-10-03,44.70000076293945,44.720001220703125,44.18000030517578,44.29999923706055,5.687282085418701,1507600
2012-10-04,44.36000061035156,44.41999816894531,43.650001525878906,43.75,5.616674423217773,1714400
2012-10-05,43.77000045776367,44.31999969482422,43.77000045776367,44.02000045776367,5.6513352394104,3027400
2012-10-08,44.029998779296875,44.22999954223633,43.779998779296875,44.04999923706055,5.655186653137207,857300
2012-10-09,44.060001373291016,44.29999923706055,43.79999923706055,43.90999984741211,5.637213706970215,1562900
2012-10-10,43.79999923706055,43.9900016784668,42.9900016784668,43.22999954223633,5.549915313720703,2044100
2012-10-11,43.31999969482422,43.66999816894531,43.290000915527344,43.40999984741211,5.573023796081543,1013900
2012-10-12,43.52000045776367,43.689998626708984,43.40999984741211,43.459999084472656,5.579442977905273,1176500
2012-10-15,43.5,43.81999969482422,43.189998626708984,43.65999984741211,5.605119228363037,678800
2012-10-16,43.709999084472656,44.63999938964844,43.709999084472656,44.58000183105469,5.723229885101318,1203100
2012-10-17,44.380001068115234,44.970001220703125,44.36000061035156,44.689998626708984,5.737351417541504,1254000
2012-10-18,44.630001068115234,45.29999923706055,44.619998931884766,45.27000045776367,5.811811447143555,1093500
2012-10-19,45.13999938964844,45.25,44.41999816894531,44.459999084472656,5.707823753356934,1121700
2012-10-22,44.279998779296875,44.36000061035156,43.86000061035156,44.33000183105469,5.691135883331299,1555900
2012-10-23,43.97999954223633,44.15999984741211,43.689998626708984,44.04999923706055,5.655186653137207,1886200
2012-10-24,43.58000183105469,43.58000183105469,42.459999084472656,42.61000061035156,5.470321178436279,3856100
2012-10-25,42.90999984741211,43.0,42.540000915527344,42.91999816894531,5.5101165771484375,1531800
2012-10-26,42.779998779296875,42.81999969482422,42.619998931884766,42.7599983215332,5.489574909210205,1309300
2012-10-31,42.720001220703125,43.13999938964844,42.5,42.849998474121094,5.5011305809021,1297500
2012-11-01,42.880001068115234,43.41999816894531,42.790000915527344,43.279998779296875,5.556332588195801,1373600
2012-11-02,43.5,43.619998931884766,42.90999984741211,42.939998626708984,5.512684345245361,1310400
2012-11-05,42.900001525878906,43.5,42.72999954223633,43.290000915527344,5.557619094848633,1015900
2012-11-06,43.41999816894531,43.77000045776367,43.11000061035156,43.720001220703125,5.612821102142334,892100
2012-11-07,43.529998779296875,43.779998779296875,43.04999923706055,43.540000915527344,5.589714050292969,1091100
2012-11-08,43.400001525878906,43.619998931884766,43.0,43.2400016784668,5.551199436187744,1627800
2012-11-09,43.09000015258789,43.689998626708984,43.0,43.5099983215332,5.585862636566162,956000
2012-11-12,43.38999938964844,44.560001373291016,43.27000045776367,43.959999084472656,5.643634796142578,2070900
2012-11-13,43.83000183105469,44.150001525878906,43.439998626708984,43.45000076293945,5.578158855438232,2794700
2012-11-14,43.47999954223633,43.77000045776367,42.95000076293945,43.0099983215332,5.521670341491699,1673200
2012-11-15,42.95000076293945,43.31999969482422,42.529998779296875,42.599998474121094,5.4690351486206055,2350500
2012-11-16,42.59000015258789,43.04999923706055,42.25,42.849998474121094,5.5011305809021,2482900
2012-11-19,43.220001220703125,43.4900016784668,43.06999969482422,43.45000076293945,5.578158855438232,1115500
2012-11-20,43.38999938964844,43.88999938964844,43.2599983215332,43.869998931884766,5.632079124450684,1540100
2012-11-21,43.93000030517578,44.08000183105469,43.650001525878906,44.029998779296875,5.652619361877441,682700
2012-11-23,44.06999969482422,44.810001373291016,43.810001373291016,44.810001373291016,5.7527570724487305,333800
2012-11-26,44.540000915527344,44.900001525878906,44.20000076293945,44.2400016784668,5.679580211639404,1151000
2012-11-27,44.27000045776367,44.59000015258789,44.08000183105469,44.22999954223633,5.678294658660889,999200
2012-11-28,44.029998779296875,44.68000030517578,44.0,44.65999984741211,5.733500003814697,973800
2012-11-29,44.689998626708984,44.880001068115234,44.41999816894531,44.849998474121094,5.7578935623168945,1170300
2012-11-30,44.849998474121094,44.959999084472656,44.54999923706055,44.849998474121094,5.7578935623168945,1605900
2012-12-03,45.0099983215332,45.189998626708984,44.7400016784668,44.84000015258789,5.7566094398498535,1121400
2012-12-04,44.81999969482422,45.13999938964844,44.79999923706055,45.0099983215332,5.778432846069336,1339900
2012-12-05,45.13999938964844,45.619998931884766,45.0,45.45000076293945,5.834920406341553,1000400
2012-12-06,45.439998626708984,45.720001220703125,45.36000061035156,45.5,5.841341495513916,1084000
2012-12-07,45.630001068115234,45.70000076293945,45.220001220703125,45.5099983215332,5.842624187469482,1696200
2012-12-10,45.45000076293945,46.060001373291016,45.439998626708984,45.90999984741211,5.89397668838501,1086400
2012-12-11,45.939998626708984,45.9900016784668,45.470001220703125,45.540000915527344,5.8464765548706055,2120000
2012-12-12,45.709999084472656,45.709999084472656,45.0,45.18000030517578,5.800258159637451,1760000
2012-12-13,45.0099983215332,45.029998779296875,44.22999954223633,44.43000030517578,5.747221946716309,1234900
2012-12-14,44.310001373291016,44.77000045776367,44.290000915527344,44.630001068115234,5.773096084594727,952800
2012-12-17,44.72999954223633,44.880001068115234,44.38999938964844,44.59000015258789,5.767919063568115,1114200
2012-12-18,44.540000915527344,44.810001373291016,44.279998779296875,44.689998626708984,5.78085470199585,1080500
2012-12-19,44.7599983215332,44.849998474121094,44.470001220703125,44.47999954223633,5.753690242767334,931000
2012-12-20,44.52000045776367,44.90999984741211,44.52000045776367,44.81999969482422,5.797672748565674,860700
2012-12-21,44.58000183105469,44.95000076293945,44.41999816894531,44.68000030517578,5.779561519622803,1659000
2012-12-24,44.560001373291016,44.7400016784668,44.5,44.70000076293945,5.782149791717529,247200
2012-12-26,44.689998626708984,44.7400016784668,44.27000045776367,44.279998779296875,5.727819919586182,541800
2012-12-27,44.2599983215332,44.5099983215332,43.93000030517578,44.209999084472656,5.718765735626221,551800
2012-12-28,44.029998779296875,44.2400016784668,43.849998474121094,43.880001068115234,5.676077842712402,446400
2012-12-31,43.79999923706055,44.189998626708984,43.58000183105469,44.18000030517578,5.71488618850708,611700
2013-01-02,44.79999923706055,45.630001068115234,44.68000030517578,45.599998474121094,5.898566722869873,1285800
2013-01-03,45.560001373291016,45.630001068115234,45.290000915527344,45.41999816894531,5.875284671783447,983500
2013-01-04,45.45000076293945,45.97999954223633,45.43000030517578,45.68000030517578,5.908916473388672,735200
2013-01-07,45.47999954223633,45.599998474121094,45.209999084472656,45.2400016784668,5.851999759674072,658600
2013-01-08,45.150001525878906,45.400001525878906,45.040000915527344,45.380001068115234,5.870109558105469,559200
2013-01-09,45.47999954223633,45.810001373291016,45.47999954223633,45.70000076293945,5.911502838134766,576900
2013-01-10,45.900001525878906,45.9900016784668,45.650001525878906,45.7599983215332,5.91926383972168,808800
2013-01-11,45.2400016784668,45.38999938964844,44.790000915527344,45.08000183105469,5.831303119659424,1381200
2013-01-14,44.95000076293945,45.2599983215332,44.95000076293945,45.189998626708984,5.845531463623047,979700
2013-01-15,45.09000015258789,45.38999938964844,44.9900016784668,45.279998779296875,5.857174873352051,897000
2013-01-16,45.20000076293945,45.27000045776367,44.90999984741211,44.939998626708984,5.813194751739502,1043800
2013-01-17,45.099998474121094,45.22999954223633,44.869998931884766,45.06999969482422,5.830009460449219,1344300
2013-01-18,44.900001525878906,45.40999984741211,44.88999938964844,45.29999923706055,5.859761714935303,1182700
2013-01-22,45.2400016784668,45.400001525878906,44.880001068115234,45.20000076293945,5.84682559967041,1396300
2013-01-23,45.029998779296875,45.130001068115234,44.119998931884766,44.279998779296875,5.727819919586182,3194800
2013-01-24,44.41999816894531,44.7400016784668,44.34000015258789,44.540000915527344,5.761452674865723,1011200
2013-01-25,44.689998626708984,44.689998626708984,44.34000015258789,44.560001373291016,5.764039993286133,979100
2013-01-28,44.63999938964844,44.84000015258789,44.529998779296875,44.650001525878906,5.775681018829346,925600
2013-01-29,44.599998474121094,45.16999816894531,44.56999969482422,45.0099983215332,5.822248458862305,1172300
2013-01-30,44.9900016784668,45.40999984741211,44.91999816894531,45.29999923706055,5.859761714935303,1171200
2013-01-31,45.25,45.38999938964844,45.0,45.06999969482422,5.830009460449219,990100
2013-02-01,45.36000061035156,45.45000076293945,45.099998474121094,45.2400016784668,5.851999759674072,1085600
2013-02-04,45.150001525878906,45.7400016784668,45.099998474121094,45.41999816894531,5.875284671783447,1509500
2013-02-05,45.68000030517578,46.15999984741211,45.650001525878906,45.900001525878906,5.937375068664551,926800
2013-02-06,45.77000045776367,46.369998931884766,45.72999954223633,46.040000915527344,5.955483436584473,1051600
2013-02-07,46.040000915527344,46.2599983215332,45.86000061035156,45.97999954223633,5.9477219581604,580400
2013-02-08,45.959999084472656,46.099998474121094,45.58000183105469,45.72999954223633,5.915383815765381,949800
2013-02-11,45.720001220703125,45.83000183105469,45.380001068115234,45.41999816894531,5.875284671783447,1099300
2013-02-12,45.29999923706055,45.56999969482422,45.15999984741211,45.31999969482422,5.8623480796813965,1696300
2013-02-13,42.83000183105469,43.31999969482422,42.099998474121094,42.689998626708984,5.522144794464111,7704900
2013-02-14,42.709999084472656,43.040000915527344,42.61000061035156,42.79999923706055,5.536375045776367,4137300
2013-02-15,42.7599983215332,43.119998931884766,42.54999923706055,42.90999984741211,5.55060338973999,4157700
2013-02-19,42.83000183105469,43.099998474121094,42.79999923706055,43.0,5.562247276306152,2958500
2013-02-20,43.060001373291016,43.189998626708984,42.439998626708984,42.470001220703125,5.493688583374023,2806300
2013-02-21,42.58000183105469,42.709999084472656,42.27000045776367,42.56999969482422,5.506625175476074,2203800
2013-02-22,42.66999816894531,42.9900016784668,42.560001373291016,42.900001525878906,5.549310207366943,1796100
2013-02-25,43.0099983215332,43.36000061035156,42.720001220703125,42.720001220703125,5.526027202606201,2530900
2013-02-26,42.939998626708984,43.029998779296875,42.61000061035156,42.790000915527344,5.535081386566162,1666400
2013-02-27,42.83000183105469,43.27000045776367,42.709999084472656,43.20000076293945,5.58811616897583,1631000
2013-02-28,43.2599983215332,43.7400016784668,43.130001068115234,43.619998931884766,5.6424455642700195,2217100
2013-03-01,43.619998931884766,43.90999984741211,43.290000915527344,43.779998779296875,5.663144111633301,2112100
2013-03-04,43.709999084472656,43.849998474121094,43.38999938964844,43.81999969482422,5.6683149337768555,1371200
2013-03-05,43.93000030517578,44.34000015258789,43.83000183105469,44.279998779296875,5.727819919586182,1426400
2013-03-06,44.290000915527344,44.33000183105469,43.939998626708984,44.18000030517578,5.71488618850708,1805900
2013-03-07,44.11000061035156,44.380001068115234,43.650001525878906,43.849998474121094,5.672196388244629,1527700
2013-03-08,43.93000030517578,44.25,43.86000061035156,44.0,5.691600322723389,3860000
2013-03-11,43.97999954223633,44.150001525878906,43.599998474121094,44.13999938964844,5.7097086906433105,5795100
2013-03-12,44.15999984741211,44.41999816894531,43.97999954223633,44.38999938964844,5.742048263549805,5039200
2013-03-13,43.91999816894531,44.18000030517578,43.70000076293945,43.720001220703125,5.704212665557861,1164200
2013-03-14,43.810001373291016,43.90999984741211,43.560001373291016,43.779998779296875,5.71204137802124,1011500
2013-03-15,43.58000183105469,44.130001068115234,43.529998779296875,44.06999969482422,5.749876976013184,2138700
2013-03-18,43.88999938964844,44.43000030517578,43.810001373291016,44.349998474121094,5.7864089012146,1307400
2013-03-19,44.470001220703125,45.099998474121094,44.41999816894531,44.97999954223633,5.868607044219971,1640100
2013-03-20,45.040000915527344,45.90999984741211,44.83000183105469,45.779998779296875,5.9729838371276855,3084400
2013-03-21,45.7400016784668,46.0,45.560001373291016,45.599998474121094,5.949499130249023,1104600
2013-03-22,45.900001525878906,46.45000076293945,45.81999969482422,46.41999816894531,6.0564866065979,1455400
2013-03-25,46.459999084472656,46.599998474121094,46.04999923706055,46.36000061035156,6.048656463623047,1147100
2013-03-26,46.5,46.95000076293945,46.439998626708984,46.70000076293945,6.093018054962158,920600
2013-03-27,46.459999084472656,46.66999816894531,46.2400016784668,46.66999816894531,6.089102745056152,966400
2013-03-28,46.77000045776367,47.029998779296875,46.599998474121094,46.95000076293945,6.125636100769043,1128300
2013-04-01,46.900001525878906,47.0,46.59000015258789,46.66999816894531,6.089102745056152,902700
2013-04-02,46.810001373291016,46.84000015258789,46.5099983215332,46.63999938964844,6.085187911987305,1281900
2013-04-03,46.79999923706055,46.83000183105469,45.939998626708984,46.290000915527344,6.039523601531982,1417800
2013-04-04,46.369998931884766,46.61000061035156,46.060001373291016,46.5,6.066922187805176,995400
2013-04-05,46.130001068115234,46.220001220703125,45.7400016784668,46.119998931884766,6.017343997955322,1003800
2013-04-08,46.099998474121094,46.72999954223633,45.88999938964844,46.68000030517578,6.0904083251953125,999700
2013-04-09,46.75,46.81999969482422,46.220001220703125,46.349998474121094,6.047352313995361,947000
2013-04-10,46.5099983215332,47.52000045776367,46.400001525878906,46.97999954223633,6.1295485496521,1777600
2013-04-11,47.08000183105469,47.7400016784668,47.040000915527344,47.61000061035156,6.211745738983154,1851200
2013-04-12,47.13999938964844,47.77000045776367,47.13999938964844,47.63999938964844,6.215661525726318,1317400
2013-04-15,47.38999938964844,47.65999984741211,46.72999954223633,46.72999954223633,6.0969319343566895,1222000
2013-04-16,47.18000030517578,47.63999938964844,46.970001220703125,47.52000045776367,6.200003623962402,1549700
2013-04-17,47.38999938964844,47.4900016784668,46.7599983215332,46.93000030517578,6.123023986816406,1467000
2013-04-18,47.029998779296875,47.540000915527344,47.029998779296875,47.11000061035156,6.146511554718018,1696800
2013-04-19,47.29999923706055,48.2599983215332,47.29999923706055,48.06999969482422,6.271761417388916,1679800
2013-04-22,48.02000045776367,48.119998931884766,47.689998626708984,47.880001068115234,6.246973991394043,1509500
2013-04-23,47.529998779296875,48.119998931884766,47.400001525878906,47.779998779296875,6.233926296234131,1852400
2013-04-24,48.709999084472656,50.290000915527344,48.060001373291016,48.189998626708984,6.287418842315674,3140100
2013-04-25,48.279998779296875,48.439998626708984,47.880001068115234,48.119998931884766,6.278285980224609,1959000
2013-04-26,48.099998474121094,48.189998626708984,47.84000015258789,48.08000183105469,6.273067951202393,1282100
2013-04-29,48.15999984741211,48.31999969482422,47.970001220703125,48.130001068115234,6.279589653015137,875000
2013-04-30,48.0099983215332,48.86000061035156,47.79999923706055,48.83000183105469,6.370922565460205,1726400
2013-05-01,48.65999984741211,48.869998931884766,47.880001068115234,48.060001373291016,6.2704596519470215,1110800
2013-05-02,48.09000015258789,48.68000030517578,48.09000015258789,48.68000030517578,6.351349353790283,1335300
2013-05-03,48.95000076293945,49.2599983215332,48.650001525878906,49.20000076293945,6.419196128845215,1244600
2013-05-06,49.20000076293945,49.400001525878906,48.93000030517578,49.31999969482422,6.434854030609131,1647100
2013-05-07,49.29999923706055,49.5,49.06999969482422,49.4900016784668,6.457034111022949,1120600
2013-05-08,49.41999816894531,49.4900016784668,49.04999923706055,49.400001525878906,6.4452900886535645,802500
2013-05-09,49.2400016784668,49.439998626708984,48.5,48.619998931884766,6.343522071838379,1265900
2013-05-10,48.720001220703125,49.02000045776367,48.540000915527344,49.0,6.393101215362549,929300
2013-05-13,48.86000061035156,49.130001068115234,48.70000076293945,48.91999816894531,6.382662773132324,887800
2013-05-14,48.91999816894531,49.33000183105469,48.84000015258789,49.29999923706055,6.432243347167969,1143900
2013-05-15,49.310001373291016,50.369998931884766,49.119998931884766,50.36000061035156,6.570540904998779,1410800
2013-05-16,50.189998626708984,50.189998626708984,49.279998779296875,49.59000015258789,6.47007942199707,1979500
2013-05-17,49.650001525878906,49.7599983215332,48.81999969482422,49.25,6.425719261169434,1283500
2013-05-20,49.25,49.279998779296875,48.689998626708984,48.77000045776367,6.363093376159668,972500
2013-05-21,48.849998474121094,48.970001220703125,48.13999938964844,48.279998779296875,6.299161911010742,1790700
2013-05-22,48.220001220703125,49.060001373291016,47.900001525878906,48.2599983215332,6.2965521812438965,1500200
2013-05-23,47.95000076293945,48.0,47.52000045776367,47.630001068115234,6.214356422424316,1618400
2013-05-24,47.52000045776367,48.18000030517578,47.400001525878906,48.09000015258789,6.27437162399292,1021400
2013-05-28,48.540000915527344,49.0,48.310001373291016,48.58000183105469,6.338304042816162,1311100
2013-05-29,48.369998931884766,48.38999938964844,47.400001525878906,47.459999084472656,6.192174911499023,1126600
2013-05-30,47.599998474121094,47.7400016784668,46.91999816894531,46.959999084472656,6.126939296722412,992300
2013-05-31,46.75,46.869998931884766,45.970001220703125,45.97999954223633,5.999077320098877,1538200
2013-06-03,46.11000061035156,47.02000045776367,45.380001068115234,47.02000045776367,6.134768962860107,1902100
2013-06-04,47.04999923706055,47.400001525878906,46.27000045776367,46.90999984741211,6.120415687561035,1715800
2013-06-05,46.7599983215332,46.810001373291016,46.33000183105469,46.4900016784668,6.065619468688965,1087400
2013-06-06,46.4900016784668,46.5,45.560001373291016,46.08000183105469,6.012125492095947,1251800
2013-06-07,46.43000030517578,46.709999084472656,46.13999938964844,46.33000183105469,6.044742107391357,1021600
2013-06-10,46.52000045776367,47.04999923706055,46.130001068115234,47.04999923706055,6.138681411743164,1521000
2013-06-11,46.65999984741211,46.93000030517578,46.31999969482422,46.65999984741211,6.087799072265625,1318200
2013-06-12,46.90999984741211,47.119998931884766,46.56999969482422,47.0,6.132157325744629,1658200
2013-06-13,46.779998779296875,46.91999816894531,46.13999938964844,46.810001373291016,6.157151222229004,1238600
2013-06-14,46.900001525878906,47.40999984741211,46.7400016784668,46.93000030517578,6.1729326248168945,1037800
2013-06-17,47.150001525878906,47.29999923706055,46.86000061035156,47.099998474121094,6.19529390335083,845900
2013-06-18,47.11000061035156,47.45000076293945,46.93000030517578,47.43000030517578,6.238701343536377,625100
2013-06-19,47.290000915527344,47.650001525878906,46.599998474121094,46.599998474121094,6.129527568817139,837900
2013-06-20,46.34000015258789,46.619998931884766,45.36000061035156,45.380001068115234,5.96905517578125,1484900
2013-06-21,45.56999969482422,45.72999954223633,45.08000183105469,45.540000915527344,5.9901018142700195,2279700
2013-06-24,45.130001068115234,45.560001373291016,44.91999816894531,45.189998626708984,5.944061756134033,1359900
2013-06-25,45.439998626708984,45.459999084472656,44.70000076293945,44.97999954223633,5.916440963745117,1682200
2013-06-26,45.34000015258789,45.900001525878906,45.22999954223633,45.63999938964844,6.0032548904418945,823600
2013-06-27,45.900001525878906,46.380001068115234,45.72999954223633,46.0,6.050606727600098,1039100
2013-06-28,46.0,46.22999954223633,45.93000030517578,45.93000030517578,6.041398525238037,1911000
2013-07-01,46.209999084472656,46.61000061035156,45.9900016784668,46.40999984741211,6.104536056518555,1155300
2013-07-02,46.38999938964844,46.720001220703125,46.25,46.599998474121094,6.129527568817139,1013400
2013-07-03,46.36000061035156,46.58000183105469,45.95000076293945,46.58000183105469,6.126896858215332,787900
2013-07-05,46.7400016784668,46.81999969482422,45.88999938964844,46.369998931884766,6.099274635314941,880800
2013-07-08,46.5099983215332,46.720001220703125,46.130001068115234,46.38999938964844,6.101907253265381,735600
2013-07-09,46.689998626708984,46.939998626708984,46.380001068115234,46.599998474121094,6.129527568817139,887200
2013-07-10,46.58000183105469,47.029998779296875,46.400001525878906,46.959999084472656,6.176880359649658,1045300
2013-07-11,47.439998626708984,47.72999954223633,47.36000061035156,47.56999969482422,6.257118225097656,916400
2013-07-12,47.63999938964844,47.790000915527344,47.22999954223633,47.459999084472656,6.242647647857666,828800
2013-07-15,47.38999938964844,47.72999954223633,47.33000183105469,47.5,6.247909069061279,531000
2013-07-16,47.0,47.47999954223633,46.97999954223633,47.310001373291016,6.222918510437012,649400
2013-07-17,47.560001373291016,47.72999954223633,47.45000076293945,47.70000076293945,6.274215221405029,615700
2013-07-18,47.77000045776367,47.97999954223633,47.619998931884766,47.90999984741211,6.3018388748168945,602600
2013-07-19,47.95000076293945,48.310001373291016,47.77000045776367,48.290000915527344,6.351823806762695,1117800
2013-07-22,48.029998779296875,48.189998626708984,47.58000183105469,47.81999969482422,6.290000915527344,999300
2013-07-23,47.91999816894531,47.95000076293945,47.529998779296875,47.68000030517578,6.271585464477539,1062800
2013-07-24,47.63999938964844,47.63999938964844,46.040000915527344,46.31999969482422,6.092698574066162,2311300
2013-07-25,46.33000183105469,46.38999938964844,45.849998474121094,46.11000061035156,6.06507682800293,1540900
2013-07-26,46.0,46.650001525878906,45.79999923706055,46.63999938964844,6.1347880363464355,1062100
2013-07-29,46.58000183105469,47.0099983215332,46.43000030517578,46.79999923706055,6.155833721160889,978400
2013-07-30,46.880001068115234,47.16999816894531,46.40999984741211,46.45000076293945,6.109798908233643,1002000
2013-07-31,46.619998931884766,47.02000045776367,46.33000183105469,46.7400016784668,6.147943019866943,1440100
2013-08-01,47.04999923706055,47.470001220703125,47.0,47.2599983215332,6.216341495513916,1443200
2013-08-02,47.27000045776367,47.61000061035156,47.02000045776367,47.40999984741211,6.236072540283203,1138400
2013-08-05,47.400001525878906,47.650001525878906,47.11000061035156,47.470001220703125,6.243964195251465,610900
2013-08-06,47.290000915527344,47.439998626708984,46.9900016784668,47.150001525878906,6.201871871948242,1183400
2013-08-07,47.08000183105469,47.31999969482422,46.90999984741211,47.220001220703125,6.211080074310303,595800
2013-08-08,47.25,47.349998474121094,46.970001220703125,47.040000915527344,6.187404155731201,921200
2013-08-09,46.959999084472656,47.09000015258789,46.65999984741211,46.849998474121094,6.162410736083984,818300
2013-08-12,46.650001525878906,46.77000045776367,46.45000076293945,46.619998931884766,6.1321587562561035,774200
2013-08-13,46.689998626708984,46.79999923706055,46.33000183105469,46.459999084472656,6.111112594604492,649700
2013-08-14,46.470001220703125,46.68000030517578,45.810001373291016,45.86000061035156,6.032192707061768,1022200
2013-08-15,45.779998779296875,45.939998626708984,45.130001068115234,45.279998779296875,5.955901145935059,1124800
2013-08-16,45.16999816894531,45.2400016784668,44.720001220703125,44.83000183105469,5.896710395812988,1264700
2013-08-19,44.709999084472656,45.25,44.529998779296875,45.20000076293945,5.94537878036499,1090400
2013-08-20,45.27000045776367,45.7400016784668,45.13999938964844,45.58000183105469,5.995361804962158,1385300
2013-08-21,45.47999954223633,45.5099983215332,45.099998474121094,45.15999984741211,5.940117359161377,1173400
2013-08-22,45.209999084472656,45.400001525878906,44.93000030517578,45.2400016784668,5.950640678405762,583500
2013-08-23,45.34000015258789,45.709999084472656,45.29999923706055,45.619998931884766,6.000624179840088,909800
2013-08-26,45.689998626708984,45.689998626708984,45.18000030517578,45.31999969482422,5.961163520812988,872100
2013-08-27,45.0099983215332,45.61000061035156,44.88999938964844,45.36000061035156,5.96642541885376,1129400
2013-08-28,45.20000076293945,45.540000915527344,44.66999816894531,44.900001525878906,5.905919075012207,1818700
2013-08-29,44.720001220703125,44.79999923706055,44.47999954223633,44.59000015258789,5.865143299102783,1570100
2013-08-30,44.619998931884766,44.7599983215332,44.52000045776367,44.7599983215332,5.887502670288086,1520300
2013-09-03,45.0099983215332,45.13999938964844,44.529998779296875,44.599998474121094,5.866457939147949,1833300
2013-09-04,44.58000183105469,45.25,44.27000045776367,45.25,5.951955318450928,1323600
2013-09-05,45.220001220703125,45.2599983215332,44.4900016784668,44.61000061035156,5.867773532867432,1039700
2013-09-06,44.689998626708984,44.880001068115234,44.16999816894531,44.470001220703125,5.849358558654785,2002200
2013-09-09,44.56999969482422,44.650001525878906,44.20000076293945,44.58000183105469,5.863827228546143,1410300
2013-09-10,44.7400016784668,44.900001525878906,44.459999084472656,44.540000915527344,5.8585662841796875,1212300
2013-09-11,44.540000915527344,44.599998474121094,44.15999984741211,44.310001373291016,5.82831335067749,1839500
2013-09-12,44.029998779296875,44.560001373291016,43.900001525878906,44.560001373291016,5.911898136138916,1742100
2013-09-13,44.70000076293945,45.040000915527344,44.54999923706055,44.90999984741211,5.958332061767578,967000
2013-09-16,45.2400016784668,45.5,45.060001373291016,45.130001068115234,5.987519264221191,1175100
2013-09-17,45.150001525878906,45.61000061035156,45.130001068115234,45.52000045776367,6.039261817932129,889300
2013-09-18,45.619998931884766,46.11000061035156,45.31999969482422,46.09000015258789,6.1148858070373535,1130400
2013-09-19,45.529998779296875,45.939998626708984,45.16999816894531,45.790000915527344,6.0750837326049805,2026400
2013-09-20,45.91999816894531,45.939998626708984,45.560001373291016,45.59000015258789,6.048548698425293,1684000
2013-09-23,45.40999984741211,45.5,45.08000183105469,45.290000915527344,6.008748531341553,916800
2013-09-24,45.34000015258789,45.779998779296875,45.22999954223633,45.27000045776367,6.006093978881836,1337800
2013-09-25,45.279998779296875,45.459999084472656,44.77000045776367,44.95000076293945,5.963639736175537,1191200
2013-09-26,45.060001373291016,45.20000076293945,44.84000015258789,45.06999969482422,5.979559421539307,1113200
2013-09-27,44.959999084472656,45.04999923706055,44.56999969482422,44.97999954223633,5.967620372772217,1138900
2013-09-30,44.709999084472656,44.900001525878906,44.45000076293945,44.81999969482422,5.9463911056518555,1217600
2013-10-01,44.779998779296875,44.900001525878906,44.279998779296875,44.47999954223633,5.901282787322998,1658600
2013-10-02,44.33000183105469,44.33000183105469,43.709999084472656,44.0,5.837601184844971,2008600
2013-10-03,44.0,44.09000015258789,43.36000061035156,43.40999984741211,5.7593231201171875,2088400
2013-10-04,43.34000015258789,43.540000915527344,43.290000915527344,43.470001220703125,5.767282962799072,1695300
2013-10-07,43.310001373291016,43.61000061035156,43.290000915527344,43.380001068115234,5.75534200668335,1276100
2013-10-08,43.31999969482422,43.650001525878906,43.18000030517578,43.470001220703125,5.767282962799072,1729200
2013-10-09,43.5,43.810001373291016,43.36000061035156,43.630001068115234,5.788510799407959,2244400
2013-10-10,43.97999954223633,44.11000061035156,43.84000015258789,44.04999923706055,5.844232559204102,1369100
2013-10-11,43.66999816894531,43.959999084472656,43.45000076293945,43.91999816894531,5.826984882354736,1355500
2013-10-14,43.790000915527344,44.189998626708984,43.54999923706055,44.16999816894531,5.860152721405029,1045900
2013-10-15,44.150001525878906,44.25,43.709999084472656,43.779998779296875,5.808412551879883,1189600
2013-10-16,44.119998931884766,45.04999923706055,44.08000183105469,45.040000915527344,5.975579738616943,1778000
2013-10-17,44.88999938964844,45.16999816894531,44.72999954223633,45.029998779296875,5.974250793457031,1332800
2013-10-18,45.02000045776367,45.060001373291016,44.88999938964844,45.0099983215332,5.971599578857422,1575900
2013-10-21,44.9900016784668,45.0099983215332,44.54999923706055,44.97999954223633,5.967620372772217,1157600
2013-10-22,45.0099983215332,45.709999084472656,45.0099983215332,45.369998931884766,6.019362449645996,1458800
2013-10-23,45.439998626708984,46.81999969482422,45.2400016784668,46.4900016784668,6.1679558753967285,2686800
2013-10-24,46.7400016784668,46.9900016784668,46.41999816894531,46.4900016784668,6.1679558753967285,1788100
2013-10-25,46.459999084472656,47.13999938964844,46.459999084472656,46.66999816894531,6.191835880279541,1722500
2013-10-28,46.720001220703125,47.83000183105469,46.720001220703125,47.5099983215332,6.303280353546143,1880200
2013-10-29,47.68000030517578,47.869998931884766,47.439998626708984,47.709999084472656,6.329814910888672,1869600
2013-10-30,47.66999816894531,47.66999816894531,47.349998474121094,47.470001220703125,6.297976016998291,1774400
2013-10-31,47.45000076293945,47.540000915527344,47.2400016784668,47.349998474121094,6.282052993774414,1434700
2013-11-01,47.45000076293945,47.54999923706055,47.150001525878906,47.43000030517578,6.292665958404541,979200
2013-11-04,47.34000015258789,47.540000915527344,46.97999954223633,47.18000030517578,6.259498596191406,848300
2013-11-05,47.08000183105469,47.459999084472656,46.97999954223633,47.279998779296875,6.272765159606934,870800
2013-11-06,47.290000915527344,47.93000030517578,47.18000030517578,47.7599983215332,6.336448669433594,1135200
2013-11-07,47.86000061035156,47.939998626708984,47.29999923706055,47.33000183105469,6.2793989181518555,964300
2013-11-08,47.36000061035156,47.93000030517578,47.0,47.90999984741211,6.356351375579834,1055200
2013-11-11,47.83000183105469,47.9900016784668,47.689998626708984,47.90999984741211,6.356351375579834,915800
2013-11-12,47.7599983215332,47.9900016784668,47.470001220703125,47.939998626708984,6.360328674316406,1095400
2013-11-13,47.779998779296875,48.20000076293945,47.470001220703125,48.13999938964844,6.386865139007568,806000
2013-11-14,48.22999954223633,48.91999816894531,48.130001068115234,48.75,6.467796325683594,836500
2013-11-15,48.7400016784668,48.869998931884766,48.220001220703125,48.560001373291016,6.442587375640869,891100
2013-11-18,48.65999984741211,48.849998474121094,48.20000076293945,48.65999984741211,6.455855846405029,1176100
2013-11-19,48.52000045776367,48.72999954223633,48.40999984741211,48.45000076293945,6.4279937744140625,1127400
2013-11-20,48.540000915527344,49.0099983215332,48.36000061035156,48.40999984741211,6.422685623168945,803500
2013-11-21,48.58000183105469,49.220001220703125,48.54999923706055,49.16999816894531,6.52351713180542,787400
2013-11-22,49.13999938964844,49.22999954223633,48.869998931884766,48.939998626708984,6.493001937866211,890400
2013-11-25,49.099998474121094,49.11000061035156,48.41999816894531,48.4900016784668,6.433300018310547,1063400
2013-11-26,48.5,48.599998474121094,47.97999954223633,48.189998626708984,6.393497943878174,927900
2013-11-27,48.22999954223633,48.56999969482422,48.08000183105469,48.470001220703125,6.430646896362305,492900
2013-11-29,48.459999084472656,48.790000915527344,48.220001220703125,48.2599983215332,6.402787208557129,559500
2013-12-02,48.470001220703125,48.470001220703125,47.31999969482422,47.7400016784668,6.333795547485352,1420700
2013-12-03,47.72999954223633,48.130001068115234,47.439998626708984,48.11000061035156,6.382884979248047,1856500
2013-12-04,47.95000076293945,48.66999816894531,47.790000915527344,48.630001068115234,6.451874732971191,813600
2013-12-05,48.5,48.560001373291016,48.15999984741211,48.209999084472656,6.396152496337891,1306300
2013-12-06,48.52000045776367,49.02000045776367,48.52000045776367,49.0,6.500964164733887,705800
2013-12-09,48.97999954223633,48.9900016784668,48.540000915527344,48.7400016784668,6.466469764709473,939700
2013-12-10,48.599998474121094,48.720001220703125,48.20000076293945,48.38999938964844,6.420032978057861,879200
2013-12-11,48.540000915527344,48.81999969482422,48.310001373291016,48.310001373291016,6.409419059753418,1304800
2013-12-12,47.93000030517578,48.0,47.16999816894531,47.29999923706055,6.325173377990723,1656700
2013-12-13,47.70000076293945,47.95000076293945,47.54999923706055,47.58000183105469,6.362616062164307,986200
2013-12-16,47.63999938964844,47.95000076293945,47.63999938964844,47.75,6.385348796844482,1460600
2013-12-17,47.65999984741211,47.720001220703125,47.060001373291016,47.349998474121094,6.3318586349487305,1045000
2013-12-18,47.369998931884766,48.220001220703125,47.15999984741211,48.220001220703125,6.448198318481445,1292000
2013-12-19,48.189998626708984,48.2599983215332,47.56999969482422,47.79999923706055,6.392034530639648,940800
2013-12-20,47.88999938964844,48.45000076293945,47.88999938964844,48.41999816894531,6.474945068359375,1509100
2013-12-23,48.56999969482422,48.61000061035156,48.040000915527344,48.189998626708984,6.444186210632324,518700
2013-12-24,48.16999816894531,48.599998474121094,48.16999816894531,48.5,6.485641956329346,285900
2013-12-26,48.4900016784668,48.650001525878906,48.33000183105469,48.59000015258789,6.497676849365234,308100
2013-12-27,48.77000045776367,48.90999984741211,48.540000915527344,48.79999923706055,6.525761127471924,380400
2013-12-30,48.790000915527344,49.150001525878906,48.790000915527344,48.84000015258789,6.5311079025268555,574500
2013-12-31,48.880001068115234,48.9900016784668,48.47999954223633,48.720001220703125,6.51506233215332,595900
2014-01-02,48.86000061035156,48.93000030517578,47.47999954223633,47.66999816894531,6.374650955200195,1182300
2014-01-03,47.88999938964844,48.04999923706055,47.36000061035156,47.599998474121094,6.36529016494751,992900
2014-01-06,47.790000915527344,47.93000030517578,47.45000076293945,47.720001220703125,6.381337642669678,932900
2014-01-07,47.83000183105469,48.36000061035156,47.709999084472656,48.099998474121094,6.432152271270752,1261700
2014-01-08,48.0099983215332,48.15999984741211,47.279998779296875,47.720001220703125,6.381337642669678,2340000
2014-01-09,47.7599983215332,48.099998474121094,47.65999984741211,47.970001220703125,6.414768218994141,929600
2014-01-10,47.9900016784668,48.439998626708984,47.9900016784668,48.43000030517578,6.476282119750977,673900
2014-01-13,48.2400016784668,48.290000915527344,47.349998474121094,47.43000030517578,6.342556953430176,1207100
2014-01-14,47.63999938964844,48.25,47.5,48.040000915527344,6.424129962921143,1220900
2014-01-15,48.20000076293945,48.22999954223633,47.689998626708984,48.06999969482422,6.428139686584473,755900
2014-01-16,47.9900016784668,48.59000015258789,47.970001220703125,48.349998474121094,6.4655842781066895,876400
2014-01-17,48.47999954223633,48.560001373291016,48.130001068115234,48.4900016784668,6.484305381774902,1179600
2014-01-21,48.77000045776367,49.65999984741211,48.77000045776367,49.650001525878906,6.639425277709961,2101400
2014-01-22,49.66999816894531,49.86000061035156,49.2599983215332,49.439998626708984,6.611342430114746,1693000
2014-01-23,49.20000076293945,49.5099983215332,48.77000045776367,49.09000015258789,6.564538478851318,3263100
2014-01-24,48.91999816894531,49.16999816894531,48.470001220703125,48.470001220703125,6.481630325317383,1047000
2014-01-27,48.5099983215332,49.33000183105469,48.41999816894531,49.04999923706055,6.559192180633545,1300200
2014-01-28,49.0,49.08000183105469,48.599998474121094,48.97999954223633,6.549829006195068,1355100
2014-01-29,48.650001525878906,48.72999954223633,47.79999923706055,47.900001525878906,6.405407905578613,1636500
2014-01-30,48.06999969482422,48.43000030517578,48.0099983215332,48.290000915527344,6.457561492919922,1312200
2014-01-31,47.90999984741211,48.310001373291016,47.650001525878906,47.880001068115234,6.402732849121094,1907300
2014-02-03,47.880001068115234,47.880001068115234,46.880001068115234,47.220001220703125,6.314475059509277,2565300
2014-02-04,47.34000015258789,47.59000015258789,47.11000061035156,47.310001373291016,6.326509475708008,1312600
2014-02-05,47.130001068115234,47.7400016784668,47.0,47.56999969482422,6.361278533935547,1203500
2014-02-06,47.83000183105469,48.13999938964844,47.529998779296875,47.86000061035156,6.400058746337891,1119100
2014-02-07,48.2400016784668,48.97999954223633,48.130001068115234,48.88999938964844,6.537794589996338,1704400
2014-02-10,48.9900016784668,49.029998779296875,48.529998779296875,48.70000076293945,6.512386322021484,1795800
2014-02-11,48.59000015258789,48.9900016784668,48.5,48.900001525878906,6.539133071899414,2629500
2014-02-12,49.459999084472656,51.029998779296875,49.310001373291016,49.9900016784668,6.684891223907471,4876500
2014-02-13,49.95000076293945,50.2400016784668,49.849998474121094,50.06999969482422,6.695590496063232,3236300
2014-02-14,50.09000015258789,50.58000183105469,50.0099983215332,50.29999923706055,6.726346969604492,3262200
2014-02-18,50.29999923706055,50.63999938964844,49.90999984741211,50.619998931884766,6.769138813018799,2856500
2014-02-19,50.65999984741211,51.119998931884766,50.380001068115234,50.959999084472656,6.814603328704834,2600500
2014-02-20,51.150001525878906,51.65999984741211,50.939998626708984,51.470001220703125,6.882803440093994,2128200
2014-02-21,51.54999923706055,51.90999984741211,51.310001373291016,51.7400016784668,6.918910980224609,2284400
2014-02-24,51.88999938964844,52.18000030517578,51.7400016784668,51.75,6.920246601104736,2406600
2014-02-25,52.04999923706055,52.4900016784668,51.93000030517578,52.47999954223633,7.0178656578063965,3394600
2014-02-26,52.65999984741211,52.65999984741211,51.45000076293945,51.59000015258789,6.898850440979004,3016400
2014-02-27,51.54999923706055,51.790000915527344,51.2599983215332,51.650001525878906,6.906875133514404,2295900
2014-02-28,51.77000045776367,52.5099983215332,51.7400016784668,52.11000061035156,6.968387603759766,2855400
2014-03-03,51.84000015258789,51.88999938964844,51.130001068115234,51.68000030517578,6.910887241363525,3492500
2014-03-04,52.06999969482422,52.06999969482422,51.630001068115234,51.95000076293945,6.94699239730835,2484300
2014-03-05,51.93000030517578,52.2400016784668,51.83000183105469,52.08000183105469,6.964376926422119,1767200
2014-03-06,52.150001525878906,52.290000915527344,51.93000030517578,52.0,6.953677177429199,2449900
2014-03-07,52.27000045776367,52.29999923706055,51.97999954223633,52.290000915527344,6.992456912994385,2647000
2014-03-10,52.349998474121094,52.59000015258789,52.31999969482422,52.47999954223633,7.0178656578063965,1789700
2014-03-11,52.529998779296875,53.029998779296875,52.40999984741211,52.9900016784668,7.086064338684082,1920100
2014-03-12,52.72999954223633,53.099998474121094,52.68000030517578,52.9900016784668,7.086064338684082,1432300
2014-03-13,52.61000061035156,52.650001525878906,51.84000015258789,51.86000061035156,6.9890336990356445,2523200
2014-03-14,51.790000915527344,52.70000076293945,51.790000915527344,52.380001068115234,7.059110641479492,1861900
2014-03-17,52.52000045776367,52.81999969482422,52.40999984741211,52.720001220703125,7.104933261871338,1244300
2014-03-18,52.65999984741211,52.88999938964844,52.4900016784668,52.77000045776367,7.111671447753906,1321400
2014-03-19,52.709999084472656,52.88999938964844,52.09000015258789,52.310001373291016,7.049679756164551,1425900
2014-03-20,52.16999816894531,52.540000915527344,51.93000030517578,52.540000915527344,7.0806732177734375,1396500
2014-03-21,52.91999816894531,53.029998779296875,52.56999969482422,52.77000045776367,7.111671447753906,2369400
2014-03-24,52.849998474121094,53.04999923706055,52.36000061035156,52.400001525878906,7.0618085861206055,2096400
2014-03-25,52.599998474121094,52.790000915527344,52.40999984741211,52.7599983215332,7.11032247543335,1256700
2014-03-26,52.970001220703125,53.720001220703125,52.959999084472656,53.38999938964844,7.195226192474365,2120800
2014-03-27,53.65999984741211,54.06999969482422,53.43000030517578,53.720001220703125,7.239698886871338,2005600
2014-03-28,53.779998779296875,54.150001525878906,53.65999984741211,53.95000076293945,7.27069616317749,1297000
2014-03-31,54.220001220703125,54.59000015258789,54.0099983215332,54.459999084472656,7.339426517486572,1461800
2014-04-01,54.38999938964844,54.54999923706055,53.599998474121094,53.7599983215332,7.245090484619141,2865800
2014-04-02,53.779998779296875,54.029998779296875,53.709999084472656,53.72999954223633,7.241048336029053,1609800
2014-04-03,53.86000061035156,54.2599983215332,53.47999954223633,53.77000045776367,7.246438026428223,1860800
2014-04-04,53.970001220703125,54.61000061035156,53.61000061035156,53.709999084472656,7.238351821899414,1673700
2014-04-07,53.72999954223633,54.060001373291016,53.66999816894531,53.68000030517578,7.234307765960693,1580700
2014-04-08,53.16999816894531,53.16999816894531,51.47999954223633,51.619998931884766,6.956687927246094,5419800
2014-04-09,51.619998931884766,52.619998931884766,51.4900016784668,52.58000183105469,7.086066722869873,3047500
2014-04-10,52.720001220703125,52.9900016784668,52.0099983215332,52.06999969482422,7.017333984375,2318600
2014-04-11,52.08000183105469,52.279998779296875,51.16999816894531,51.189998626708984,6.898738861083984,3138300
2014-04-14,51.38999938964844,51.630001068115234,50.97999954223633,51.189998626708984,6.898738861083984,1531700
2014-04-15,51.2400016784668,51.709999084472656,51.18000030517578,51.68000030517578,6.964775562286377,2264000
2014-04-16,52.220001220703125,52.41999816894531,51.77000045776367,52.400001525878906,7.0618085861206055,1509500
2014-04-17,52.47999954223633,52.79999923706055,52.25,52.540000915527344,7.0806732177734375,1124300
2014-04-21,52.439998626708984,52.83000183105469,52.40999984741211,52.54999923706055,7.082022666931152,825500
2014-04-22,52.45000076293945,52.65999984741211,52.22999954223633,52.38999938964844,7.060458660125732,993200
2014-04-23,54.79999923706055,55.34000015258789,53.83000183105469,54.47999954223633,7.3421220779418945,4122700
2014-04-24,54.47999954223633,54.7599983215332,53.75,53.81999969482422,7.253177165985107,2756800
2014-04-25,53.630001068115234,53.7599983215332,53.13999938964844,53.58000183105469,7.220833778381348,1271300
2014-04-28,54.0,55.59000015258789,53.86000061035156,55.400001525878906,7.4661102294921875,2784600
2014-04-29,55.400001525878906,55.5,54.79999923706055,55.09000015258789,7.424332141876221,1497400
2014-04-30,55.0,55.470001220703125,54.81999969482422,55.41999816894531,7.468803882598877,1400600
2014-05-01,55.5,55.689998626708984,55.06999969482422,55.59000015258789,7.4917144775390625,1609500
2014-05-02,55.47999954223633,56.099998474121094,55.400001525878906,55.970001220703125,7.542928218841553,1359000
2014-05-05,55.720001220703125,56.2400016784668,55.650001525878906,55.86000061035156,7.528100967407227,1327700
2014-05-06,55.720001220703125,56.279998779296875,55.56999969482422,56.150001525878906,7.567183971405029,1576500
2014-05-07,56.41999816894531,56.70000076293945,56.0,56.68000030517578,7.638612270355225,1385800
2014-05-08,56.61000061035156,56.970001220703125,56.40999984741211,56.560001373291016,7.622439861297607,1069500
2014-05-09,56.59000015258789,56.90999984741211,56.31999969482422,56.90999984741211,7.669607639312744,952400
2014-05-12,57.029998779296875,57.34000015258789,56.84000015258789,57.150001525878906,7.7019548416137695,901100
2014-05-13,57.13999938964844,57.400001525878906,56.97999954223633,57.22999954223633,7.712734222412109,1048100
2014-05-14,57.18000030517578,57.40999984741211,56.97999954223633,57.2400016784668,7.714081764221191,1114000
2014-05-15,56.97999954223633,57.11000061035156,56.66999816894531,56.83000183105469,7.658825874328613,850000
2014-05-16,56.75,57.25,56.689998626708984,57.209999084472656,7.710038661956787,978100
2014-05-19,57.09000015258789,57.2599983215332,56.779998779296875,57.220001220703125,7.711386203765869,1009900
2014-05-20,57.20000076293945,57.619998931884766,56.849998474121094,57.099998474121094,7.695215225219727,1044600
2014-05-21,57.060001373291016,57.38999938964844,56.91999816894531,57.27000045776367,7.718125820159912,939800
2014-05-22,57.22999954223633,57.290000915527344,56.91999816894531,57.20000076293945,7.708691120147705,898100
2014-05-23,57.20000076293945,57.310001373291016,56.880001068115234,56.9900016784668,7.680388450622559,813500
2014-05-27,56.939998626708984,57.06999969482422,56.68000030517578,56.790000915527344,7.65343713760376,1373600
2014-05-28,56.900001525878906,57.2599983215332,56.65999984741211,56.84000015258789,7.660172462463379,1642800
2014-05-29,57.18000030517578,57.880001068115234,57.13999938964844,57.849998474121094,7.7962870597839355,824300
2014-05-30,57.630001068115234,58.15999984741211,57.540000915527344,57.70000076293945,7.776074409484863,1517100
2014-06-02,57.7599983215332,57.83000183105469,57.25,57.560001373291016,7.757207870483398,1531900
2014-06-03,57.47999954223633,57.529998779296875,56.81999969482422,56.86000061035156,7.662869930267334,1997400
2014-06-04,56.93000030517578,58.08000183105469,56.869998931884766,58.060001373291016,7.824591636657715,2201900
2014-06-05,57.90999984741211,58.59000015258789,57.619998931884766,58.4900016784668,7.882540225982666,1789600
2014-06-06,58.470001220703125,58.650001525878906,58.209999084472656,58.52000045776367,7.886584281921387,1031300
2014-06-09,58.380001068115234,58.65999984741211,58.31999969482422,58.560001373291016,7.891972541809082,1236100
2014-06-10,58.150001525878906,58.58000183105469,57.939998626708984,58.41999816894531,7.873105049133301,1473200
2014-06-11,58.15999984741211,58.720001220703125,58.15999984741211,58.220001220703125,7.8461527824401855,1117600
2014-06-12,57.93000030517578,58.04999923706055,57.439998626708984,57.849998474121094,7.851579666137695,1403300
2014-06-13,57.79999923706055,57.939998626708984,57.630001068115234,57.779998779296875,7.842081069946289,830400
2014-06-16,57.7400016784668,58.90999984741211,57.65999984741211,58.70000076293945,7.966947555541992,1446000
2014-06-17,58.66999816894531,58.9900016784668,58.0,58.31999969482422,7.915372371673584,1662300
2014-06-18,58.290000915527344,60.27000045776367,58.25,60.220001220703125,8.173243522644043,2185800
2014-06-19,59.650001525878906,60.22999954223633,59.5,60.16999816894531,8.166458129882812,2061400
2014-06-20,59.91999816894531,60.5,59.86000061035156,60.029998779296875,8.14745807647705,1924600
2014-06-23,59.900001525878906,59.939998626708984,58.97999954223633,59.31999969482422,8.051093101501465,1568400
2014-06-24,58.52000045776367,58.77000045776367,58.45000076293945,58.560001373291016,7.947943687438965,2128500
2014-06-25,58.40999984741211,58.77000045776367,58.33000183105469,58.5099983215332,7.941158771514893,1310500
2014-06-26,58.470001220703125,58.91999816894531,58.33000183105469,58.599998474121094,7.95337438583374,1260700
2014-06-27,58.459999084472656,58.70000076293945,57.88999938964844,58.25,7.905869960784912,2340200
2014-06-30,58.41999816894531,58.90999984741211,58.15999984741211,58.58000183105469,7.950660705566406,1318800
2014-07-01,58.75,59.439998626708984,58.619998931884766,58.9900016784668,8.006303787231445,1723300
2014-07-02,58.970001220703125,59.22999954223633,58.79999923706055,58.97999954223633,8.004948616027832,1071600
2014-07-03,58.9900016784668,59.22999954223633,58.900001525878906,59.06999969482422,8.017162322998047,827600
2014-07-07,59.0099983215332,59.27000045776367,58.79999923706055,58.84000015258789,7.9859466552734375,1531700
2014-07-08,58.79999923706055,58.869998931884766,58.29999923706055,58.40999984741211,7.927585601806641,1710000
2014-07-09,58.630001068115234,58.869998931884766,58.5,58.54999923706055,7.946590423583984,1338400
2014-07-10,58.119998931884766,59.06999969482422,58.06999969482422,58.93000030517578,7.998161792755127,1146200
2014-07-11,58.97999954223633,59.150001525878906,58.7400016784668,59.029998779296875,8.011736869812012,1316600
2014-07-14,59.290000915527344,59.650001525878906,59.209999084472656,59.279998779296875,8.045663833618164,872200
2014-07-15,59.31999969482422,59.5,59.150001525878906,59.380001068115234,8.059240341186523,2810600
2014-07-16,59.45000076293945,59.59000015258789,59.040000915527344,59.34000015258789,8.05380916595459,1748800
2014-07-17,59.09000015258789,59.58000183105469,58.869998931884766,58.900001525878906,7.994091033935547,1170000
2014-07-18,59.150001525878906,59.459999084472656,58.939998626708984,59.45000076293945,8.06873893737793,962700
2014-07-21,59.220001220703125,59.25,58.52000045776367,58.86000061035156,7.9886603355407715,989200
2014-07-22,58.84000015258789,59.0,58.560001373291016,58.66999816894531,7.962873935699463,1543800
2014-07-23,58.959999084472656,59.0,58.349998474121094,58.439998626708984,7.931657791137695,2110200
2014-07-24,59.290000915527344,61.52000045776367,59.290000915527344,60.97999954223633,8.276394844055176,3696900
2014-07-25,60.97999954223633,61.66999816894531,60.79999923706055,61.560001373291016,8.35511302947998,1702600
2014-07-28,61.70000076293945,61.91999816894531,61.29999923706055,61.7599983215332,8.382258415222168,1490000
2014-07-29,61.65999984741211,61.84000015258789,60.70000076293945,60.70000076293945,8.238390922546387,2015100
2014-07-30,61.04999923706055,61.13999938964844,59.5,59.689998626708984,8.101312637329102,1956000
2014-07-31,59.439998626708984,59.439998626708984,58.650001525878906,58.7599983215332,7.9750895500183105,1554100
2014-08-01,58.779998779296875,59.65999984741211,58.63999938964844,58.70000076293945,7.966947555541992,1647600
2014-08-04,58.90999984741211,59.099998474121094,58.58000183105469,59.060001373291016,8.015807151794434,1394100
2014-08-05,59.209999084472656,59.400001525878906,58.869998931884766,59.029998779296875,8.011736869812012,1296100
2014-08-06,59.02000045776367,60.20000076293945,59.02000045776367,60.18000030517578,8.167817115783691,1476100
2014-08-07,60.459999084472656,60.65999984741211,59.83000183105469,59.939998626708984,8.135242462158203,932400
2014-08-08,60.09000015258789,60.52000045776367,59.650001525878906,60.400001525878906,8.197674751281738,1263500
2014-08-11,60.70000076293945,60.93000030517578,60.5,60.59000015258789,8.223464965820312,2248000
2014-08-12,60.59000015258789,60.75,60.349998474121094,60.400001525878906,8.197674751281738,1471500
2014-08-13,60.66999816894531,60.88999938964844,60.310001373291016,60.41999816894531,8.200389862060547,1369300
2014-08-14,60.560001373291016,60.79999923706055,60.33000183105469,60.52000045776367,8.213963508605957,1703200
2014-08-15,60.849998474121094,61.099998474121094,60.33000183105469,60.400001525878906,8.197674751281738,3480200
2014-08-18,60.86000061035156,61.09000015258789,60.5099983215332,60.83000183105469,8.256035804748535,2107400
2014-08-19,60.880001068115234,61.150001525878906,60.7400016784668,61.13999938964844,8.298112869262695,1082500
2014-08-20,61.20000076293945,61.20000076293945,60.790000915527344,60.91999816894531,8.2682523727417,868100
2014-08-21,61.08000183105469,61.66999816894531,60.939998626708984,61.13999938964844,8.298112869262695,1069700
2014-08-22,61.279998779296875,61.34000015258789,60.43000030517578,60.47999954223633,8.208534240722656,1671000
2014-08-25,60.790000915527344,61.099998474121094,60.59000015258789,60.959999084472656,8.273679733276367,1353300
2014-08-26,61.06999969482422,61.599998474121094,60.720001220703125,60.880001068115234,8.262822151184082,1390000
2014-08-27,61.08000183105469,61.81999969482422,60.93000030517578,61.81999969482422,8.390401840209961,1374200
2014-08-28,61.650001525878906,62.63999938964844,61.599998474121094,62.4900016784668,8.481337547302246,1558400
2014-08-29,62.619998931884766,63.0099983215332,62.439998626708984,62.91999816894531,8.539697647094727,1572000
2014-09-02,62.81999969482422,63.40999984741211,62.650001525878906,63.029998779296875,8.554625511169434,1731700
2014-09-03,63.119998931884766,63.47999954223633,63.099998474121094,63.470001220703125,8.614344596862793,1320400
2014-09-04,63.40999984741211,63.70000076293945,62.529998779296875,62.59000015258789,8.494909286499023,1781000
2014-09-05,62.540000915527344,62.650001525878906,62.060001373291016,62.22999954223633,8.44604778289795,1209700
2014-09-08,62.18000030517578,62.40999984741211,62.0099983215332,62.310001373291016,8.456908226013184,1083600
2014-09-09,62.380001068115234,62.47999954223633,61.900001525878906,62.25,8.448763847351074,1402700
2014-09-10,62.369998931884766,62.79999923706055,62.369998931884766,62.709999084472656,8.51119613647461,969800
2014-09-11,62.209999084472656,62.84000015258789,62.15999984741211,62.79999923706055,8.579505920410156,1118900
2014-09-12,62.650001525878906,62.70000076293945,61.810001373291016,61.880001068115234,8.453815460205078,1187500
2014-09-15,62.060001373291016,62.689998626708984,61.7599983215332,62.52000045776367,8.541254043579102,1092800
2014-09-16,62.560001373291016,63.689998626708984,62.41999816894531,63.5099983215332,8.676497459411621,1753300
2014-09-17,63.56999969482422,63.720001220703125,63.02000045776367,63.130001068115234,8.624588012695312,1076500
2014-09-18,63.09000015258789,63.540000915527344,62.97999954223633,63.36000061035156,8.65600872039795,864500
2014-09-19,63.5099983215332,64.54000091552734,63.22999954223633,64.16999816894531,8.766669273376465,2216700
2014-09-22,64.0999984741211,65.43000030517578,64.08000183105469,65.31999969482422,8.923778533935547,2422800
2014-09-23,65.06999969482422,65.16999816894531,63.790000915527344,63.79999923706055,8.716121673583984,1907600
2014-09-24,63.970001220703125,64.98999786376953,63.959999084472656,64.94000244140625,8.871864318847656,1411300
2014-09-25,64.62000274658203,64.62000274658203,63.75,63.95000076293945,8.736613273620605,1055100
2014-09-26,63.90999984741211,64.18000030517578,63.41999816894531,64.05000305175781,8.750276565551758,1216400
2014-09-29,63.70000076293945,64.12000274658203,63.52000045776367,64.08999633789062,8.755739212036133,1295300
2014-09-30,64.2300033569336,64.51000213623047,63.869998931884766,64.30999755859375,8.785792350769043,1116600
2014-10-01,64.2300033569336,64.5,63.560001373291016,63.56999969482422,8.684697151184082,1650600
2014-10-02,63.470001220703125,63.90999984741211,63.349998474121094,63.599998474121094,8.688797950744629,2068500
2014-10-03,64.18000030517578,64.9000015258789,63.599998474121094,64.73999786376953,8.844537734985352,1842000
2014-10-06,64.9800033569336,64.9800033569336,64.06999969482422,64.69000244140625,8.8377103805542,981900
2014-10-07,64.44000244140625,64.9800033569336,64.16999816894531,64.16999816894531,8.766669273376465,1634500
2014-10-08,64.33000183105469,65.23999786376953,64.13999938964844,65.19999694824219,8.90738296508789,1401200
2014-10-09,65.31999969482422,65.7699966430664,64.0999984741211,64.26000213623047,8.77896499633789,1879700
2014-10-10,64.5199966430664,65.19000244140625,64.41000366210938,64.43000030517578,8.802186012268066,1650800
2014-10-13,64.2699966430664,64.62000274658203,63.689998626708984,63.790000915527344,8.714755058288574,1095000
2014-10-14,64.04000091552734,64.5999984741211,63.9900016784668,64.08000183105469,8.754373550415039,1594000
2014-10-15,63.56999969482422,63.900001525878906,61.2599983215332,62.13999938964844,8.489335060119629,2382700
2014-10-16,61.29999923706055,62.13999938964844,60.650001525878906,61.849998474121094,8.449719429016113,2229500
2014-10-17,62.220001220703125,63.310001373291016,61.7599983215332,63.09000015258789,8.619122505187988,1853100
2014-10-20,63.099998474121094,64.94999694824219,62.959999084472656,64.87999725341797,8.863664627075195,1790100
2014-10-21,64.77999877929688,65.66000366210938,64.5,65.36000061035156,8.929241180419922,1529900
2014-10-22,65.37000274658203,65.62999725341797,64.44999694824219,65.43000030517578,8.93880558013916,2433700
2014-10-23,67.12999725341797,69.3499984741211,66.75,66.94999694824219,9.146463394165039,2675300
2014-10-24,67.0199966430664,67.48999786376953,66.43000030517578,66.80000305175781,9.125969886779785,1587500
2014-10-27,66.3499984741211,67.95999908447266,66.25,67.91999816894531,9.278979301452637,1832100
2014-10-28,68.37999725341797,68.70999908447266,67.47000122070312,67.9000015258789,9.276250839233398,1453100
2014-10-29,67.91999816894531,68.13999938964844,67.29000091552734,67.72000122070312,9.251655578613281,1237200
2014-10-30,67.87000274658203,69.26000213623047,67.5199966430664,68.94000244140625,9.418327331542969,1683400
2014-10-31,69.68000030517578,69.87999725341797,68.95999908447266,69.25,9.46068000793457,1884300
2014-11-03,69.08999633789062,69.69000244140625,69.08000183105469,69.52999877929688,9.498930931091309,1468500
2014-11-04,69.63999938964844,70.54000091552734,69.62999725341797,70.3499984741211,9.61095905303955,1617500
2014-11-05,70.9800033569336,70.98999786376953,68.83999633789062,69.0,9.42652416229248,1889800
2014-11-06,69.25,70.02999877929688,69.12999725341797,69.94000244140625,9.55494499206543,1792300
2014-11-07,69.93000030517578,70.3499984741211,69.48999786376953,69.94999694824219,9.55630874633789,1168500
2014-11-10,69.94999694824219,70.55999755859375,69.5999984741211,70.47000122070312,9.627350807189941,1184700
2014-11-11,70.4800033569336,70.55999755859375,69.62000274658203,69.73999786376953,9.527617454528809,1254700
2014-11-12,69.31999969482422,70.73999786376953,69.04000091552734,70.66000366210938,9.65330696105957,1552700
2014-11-13,70.83000183105469,71.5,70.19000244140625,70.70999908447266,9.660141944885254,1408000
2014-11-14,70.7300033569336,70.7699966430664,69.80999755859375,70.0999984741211,9.576801300048828,1215100
2014-11-17,70.0,70.7699966430664,69.83000183105469,70.75,9.665600776672363,1258300
2014-11-18,71.16000366210938,71.44999694824219,70.66999816894531,70.9000015258789,9.686097145080566,1970700
2014-11-19,71.16999816894531,71.19999694824219,70.69000244140625,71.18000030517578,9.724347114562988,2333100
2014-11-20,70.87000274658203,72.12000274658203,70.87000274658203,71.76000213623047,9.8035888671875,1494300
2014-11-21,72.55000305175781,72.62999725341797,71.58999633789062,71.9800033569336,9.833646774291992,1815100
2014-11-24,72.25,72.80999755859375,72.04000091552734,72.69000244140625,9.930638313293457,1673500
2014-11-25,72.6500015258789,73.7300033569336,72.55000305175781,73.26000213623047,10.008514404296875,1764900
2014-11-26,73.06999969482422,73.41000366210938,72.63999938964844,72.88999938964844,9.957962989807129,1329300
2014-11-28,73.19000244140625,74.27999877929688,73.19000244140625,74.0,10.109606742858887,708700
2014-12-01,72.83999633789062,73.66000366210938,72.45999908447266,73.02999877929688,9.977090835571289,1529300
2014-12-02,72.94000244140625,73.95999908447266,72.69999694824219,73.58999633789062,10.053593635559082,2106400
2014-12-03,73.4800033569336,73.68000030517578,72.29000091552734,72.4000015258789,9.891021728515625,2774600
2014-12-04,72.45999908447266,72.80000305175781,71.97000122070312,72.12000274658203,9.852768898010254,1788500
2014-12-05,71.98999786376953,72.25,71.58000183105469,71.94000244140625,9.828176498413086,1389200
2014-12-08,72.04000091552734,72.44000244140625,71.54000091552734,71.76000213623047,9.8035888671875,1480000
2014-12-09,71.23999786376953,71.83999633789062,70.5,71.25,9.733912467956543,1631700
2014-12-10,71.2699966430664,72.16000366210938,71.0999984741211,71.23999786376953,9.732545852661133,1572100
2014-12-11,70.87999725341797,71.68000030517578,70.70999908447266,71.02999877929688,9.760025978088379,1283200
2014-12-12,70.62999725341797,71.62999725341797,70.16999816894531,70.20999908447266,9.647354125976562,1435500
2014-12-15,70.58000183105469,70.88999938964844,69.77999877929688,69.91000366210938,9.606130599975586,1364100
2014-12-16,69.75,71.44999694824219,69.38999938964844,69.88999938964844,9.60338306427002,1227900
2014-12-17,69.83000183105469,70.79000091552734,69.70999908447266,70.51000213623047,9.688576698303223,2068100
2014-12-18,71.29000091552734,72.30999755859375,70.7300033569336,72.30999755859375,9.935908317565918,2347600
2014-12-19,72.20999908447266,72.83999633789062,71.31999969482422,71.66000366210938,9.84659481048584,2703800
2014-12-22,71.91999816894531,72.80000305175781,71.91999816894531,72.76000213623047,9.9977388381958,1073000
2014-12-23,73.12000274658203,73.5999984741211,73.0,73.44999694824219,10.09255313873291,936000
2014-12-24,73.41999816894531,73.9800033569336,73.38999938964844,73.4800033569336,10.096675872802734,500900
2014-12-26,73.4000015258789,73.4800033569336,73.08000183105469,73.11000061035156,10.045833587646484,461500
2014-12-29,72.9800033569336,73.26000213623047,72.25,72.91000366210938,10.018351554870605,599500
2014-12-30,72.62999725341797,73.13999938964844,72.5,72.69999694824219,9.989494323730469,813000
2014-12-31,72.80000305175781,72.91000366210938,71.68000030517578,71.68000030517578,9.849342346191406,871300
2015-01-02,71.68000030517578,72.33999633789062,70.97000122070312,71.5999984741211,9.838348388671875,1042400
2015-01-05,70.98999786376953,71.70999908447266,70.93000030517578,71.37999725341797,9.80811595916748,1433500
2015-01-06,71.63999938964844,71.98999786376953,70.77999877929688,71.4800033569336,9.821859359741211,1549100
2015-01-07,71.91999816894531,72.75,71.76000213623047,72.5199966430664,9.964763641357422,1163600
2015-01-08,73.2300033569336,74.25,73.1500015258789,74.19999694824219,10.195608139038086,1794800
2015-01-09,74.2300033569336,74.26000213623047,73.4000015258789,73.8499984741211,10.147516250610352,1159900
2015-01-12,74.16000366210938,74.19000244140625,73.12999725341797,73.2300033569336,10.062321662902832,1049900
2015-01-13,73.93000030517578,74.87000274658203,73.36000061035156,73.79000091552734,10.13927173614502,1311400
2015-01-14,73.16999816894531,74.87000274658203,73.05999755859375,74.80999755859375,10.279425621032715,1395600
2015-01-15,76.08999633789062,76.08999633789062,75.02999877929688,75.51000213623047,10.375612258911133,1566700
2015-01-16,75.4800033569336,76.5,75.31999969482422,76.45999908447266,10.506149291992188,1036500
2015-01-20,77.12000274658203,77.83000183105469,76.2699966430664,77.80000305175781,10.690271377563477,1445000
2015-01-21,77.83000183105469,78.80000305175781,77.31999969482422,78.73999786376953,10.819435119628906,2058900
2015-01-22,79.13999938964844,79.41000366210938,78.26000213623047,79.33999633789062,10.901880264282227,3003900
2015-01-23,79.44999694824219,79.48999786376953,78.41999816894531,78.51000213623047,10.787834167480469,1088800
2015-01-26,78.51000213623047,79.16999816894531,78.08000183105469,79.12000274658203,10.871648788452148,1264900
2015-01-27,78.37000274658203,79.51000213623047,78.1500015258789,79.19999694824219,10.882641792297363,1497200
2015-01-28,79.4800033569336,80.04000091552734,78.30000305175781,78.45999908447266,10.780961036682129,1050200
2015-01-29,78.63999938964844,79.20999908447266,77.91000366210938,79.08000183105469,10.866155624389648,1870900
2015-01-30,78.70999908447266,78.79000091552734,77.12999725341797,77.2699966430664,10.617445945739746,1590500
2015-02-02,77.43000030517578,78.52999877929688,76.69999694824219,78.5,10.786458969116211,1400300
2015-02-03,78.45999908447266,78.8499984741211,77.62000274658203,77.81999969482422,10.693023681640625,1225100
2015-02-04,77.75,79.19999694824219,77.62000274658203,78.6500015258789,10.8070707321167,1249200
2015-02-05,78.66000366210938,78.88999938964844,77.23999786376953,77.36000061035156,10.629815101623535,1922900
2015-02-06,76.45999908447266,78.38999938964844,76.45999908447266,77.98999786376953,10.716381072998047,1981500
2015-02-09,78.02999877929688,78.37000274658203,77.51000213623047,77.87999725341797,10.701264381408691,939900
2015-02-10,78.69000244140625,79.11000061035156,77.70999908447266,78.79000091552734,10.82630729675293,1273100
2015-02-11,78.91999816894531,79.52999877929688,78.4000015258789,79.48999786376953,10.922491073608398,1656300
2015-02-12,80.5,81.44999694824219,77.7699966430664,78.30000305175781,10.758978843688965,2782800
2015-02-13,77.55000305175781,77.77999877929688,76.1500015258789,76.94999694824219,10.573477745056152,2685000
2015-02-17,76.55999755859375,77.47000122070312,76.26000213623047,77.06999969482422,10.589964866638184,1518100
2015-02-18,76.68000030517578,78.30000305175781,76.68000030517578,78.0199966430664,10.720504760742188,1377400
2015-02-19,78.05000305175781,78.80000305175781,77.94999694824219,78.22000122070312,10.7479829788208,1626800
2015-02-20,77.98999786376953,78.83999633789062,77.41999816894531,78.81999969482422,10.830426216125488,1322300
2015-02-23,78.81999969482422,79.0,78.44000244140625,78.8499984741211,10.834553718566895,874500
2015-02-24,78.68000030517578,79.08000183105469,78.33999633789062,78.91000366210938,10.842799186706543,1488900
2015-02-25,79.0,79.2300033569336,78.51000213623047,79.02999877929688,10.859285354614258,813900
2015-02-26,79.06999969482422,79.06999969482422,77.9000015258789,78.19000244140625,10.743860244750977,3503100
2015-02-27,78.19000244140625,79.0999984741211,78.11000061035156,78.79000091552734,10.82630729675293,1398500
2015-03-02,78.93000030517578,79.41999816894531,78.79000091552734,79.19999694824219,10.882641792297363,1039100
2015-03-03,79.26000213623047,79.30999755859375,78.48999786376953,78.98999786376953,10.85378646850586,1059100
2015-03-04,78.97000122070312,78.98999786376953,77.66000366210938,78.0199966430664,10.720504760742188,1826500
2015-03-05,78.33000183105469,79.05000305175781,78.06999969482422,78.9000015258789,10.841423034667969,1376700
2015-03-06,78.80000305175781,78.80000305175781,78.08999633789062,78.3499984741211,10.765843391418457,2182200
2015-03-09,78.37999725341797,79.05000305175781,78.16000366210938,78.79000091552734,10.82630729675293,1101900
2015-03-10,78.08000183105469,78.4800033569336,77.88999938964844,77.94999694824219,10.710884094238281,1061200
2015-03-11,78.0999984741211,78.0999984741211,76.77999877929688,76.87000274658203,10.562484741210938,898100
2015-03-12,76.75,77.61000061035156,76.75,77.55999755859375,10.724262237548828,864300
2015-03-13,77.2300033569336,77.48999786376953,76.44999694824219,76.69000244140625,10.60396671295166,1126200
2015-03-16,76.91000366210938,77.68000030517578,76.83000183105469,77.2699966430664,10.684162139892578,1523100
2015-03-17,76.7699966430664,76.98999786376953,75.4800033569336,75.73999786376953,10.472607612609863,1562800
2015-03-18,75.70999908447266,77.01000213623047,74.80999755859375,76.6500015258789,10.598433494567871,1458300
2015-03-19,76.37000274658203,76.83999633789062,75.72000122070312,76.11000061035156,10.52376651763916,1006900
2015-03-20,76.4800033569336,77.06999969482422,76.18000030517578,77.02999877929688,10.65097713470459,1826100
2015-03-23,77.0,77.6500015258789,77.0,77.4000015258789,10.702134132385254,1462500
2015-03-24,77.37000274658203,78.11000061035156,77.2699966430664,77.61000061035156,10.73117446899414,1228200
2015-03-25,78.0199966430664,78.2300033569336,77.16000366210938,77.16999816894531,10.670336723327637,1464200
2015-03-26,77.94999694824219,79.44000244140625,77.9000015258789,79.0999984741211,10.937198638916016,2313000
2015-03-27,79.5,79.63999938964844,78.54000091552734,78.91999816894531,10.912307739257812,1690500
2015-03-30,79.01000213623047,79.9800033569336,78.52999877929688,79.66999816894531,11.016012191772461,1247700
2015-03-31,79.26000213623047,79.80999755859375,78.41000366210938,78.4800033569336,10.851469039916992,1910200
2015-04-01,78.61000061035156,78.72000122070312,77.91999816894531,78.5,10.854236602783203,1899100
2015-04-02,78.55000305175781,78.55000305175781,77.94000244140625,78.12000274658203,10.801695823669434,1880500
2015-04-06,78.0,79.66999816894531,77.7699966430664,78.68000030517578,10.879127502441406,1982200
2015-04-07,79.08999633789062,79.56999969482422,79.0199966430664,79.33000183105469,10.968998908996582,2187500
2015-04-08,79.29000091552734,79.51000213623047,78.48999786376953,78.81999969482422,10.898479461669922,1546300
2015-04-09,78.87999725341797,79.27999877929688,78.63999938964844,79.0199966430664,10.926135063171387,1348700
2015-04-10,79.19000244140625,79.37999725341797,78.55999755859375,78.72000122070312,10.884654998779297,1354900
2015-04-13,78.72000122070312,78.88999938964844,78.08000183105469,78.0999984741211,10.798928260803223,861500
2015-04-14,77.98999786376953,78.4000015258789,77.5999984741211,78.1500015258789,10.805842399597168,1159400
2015-04-15,78.44999694824219,79.04000091552734,77.79000091552734,78.0199966430664,10.787867546081543,1321500
2015-04-16,78.1500015258789,78.58999633789062,77.9000015258789,78.36000061035156,10.834878921508789,976900
2015-04-17,77.9000015258789,78.06999969482422,76.66999816894531,76.9800033569336,10.644063949584961,1025900
2015-04-20,77.19999694824219,78.43000030517578,77.16000366210938,77.79000091552734,10.756062507629395,919000
2015-04-21,78.1500015258789,79.44000244140625,78.12000274658203,79.19000244140625,10.949645042419434,1862800
2015-04-22,79.5199966430664,79.58999633789062,78.06999969482422,78.80999755859375,10.897098541259766,1436900
2015-04-23,79.5999984741211,79.9800033569336,78.2699966430664,78.94999694824219,10.916458129882812,1884400
2015-04-24,79.19000244140625,79.73999786376953,78.66999816894531,78.86000061035156,10.904014587402344,1273800
2015-04-27,79.16999816894531,79.16999816894531,77.05999755859375,77.23999786376953,10.680014610290527,1204200
2015-04-28,77.13999938964844,77.61000061035156,76.08000183105469,76.25,10.54312801361084,1771900
2015-04-29,76.22000122070312,76.2699966430664,74.7699966430664,75.30000305175781,10.411768913269043,1896700
2015-04-30,75.18000030517578,75.55999755859375,74.2300033569336,74.58000183105469,10.312217712402344,1467700
2015-05-01,74.83000183105469,75.98999786376953,74.72000122070312,75.97000122070312,10.504410743713379,1470300
2015-05-04,75.80999755859375,76.29000091552734,75.69000244140625,76.16999816894531,10.532064437866211,781400
2015-05-05,75.86000061035156,76.33999633789062,75.23999786376953,75.55000305175781,10.446335792541504,790600
2015-05-06,75.8499984741211,76.23999786376953,75.30000305175781,75.5199966430664,10.44218921661377,1063300
2015-05-07,75.80000305175781,76.26000213623047,75.5999984741211,75.75,10.473990440368652,1194500
2015-05-08,76.37000274658203,76.9000015258789,76.16000366210938,76.51000213623047,10.579078674316406,818400
2015-05-11,76.25,77.33000183105469,76.23999786376953,76.37000274658203,10.55971908569336,830200
2015-05-12,75.95999908447266,75.9800033569336,75.30000305175781,75.76000213623047,10.475373268127441,802000
2015-05-13,75.93000030517578,77.08000183105469,75.93000030517578,77.01000213623047,10.648213386535645,1976300
2015-05-14,77.3499984741211,77.91000366210938,77.18000030517578,77.66000366210938,10.738088607788086,993900
2015-05-15,77.62999725341797,78.47000122070312,77.16999816894531,77.41000366210938,10.703522682189941,1670700
2015-05-18,77.31999969482422,77.75,77.30999755859375,77.3499984741211,10.69522762298584,856700
2015-05-19,77.33999633789062,77.94000244140625,77.12999725341797,77.4800033569336,10.7131986618042,1576900
2015-05-20,77.58999633789062,77.91000366210938,77.4000015258789,77.4000015258789,10.702134132385254,1075400
2015-05-21,77.45999908447266,77.83999633789062,77.06999969482422,77.69000244140625,10.742236137390137,844200
2015-05-22,77.61000061035156,77.79000091552734,76.94999694824219,77.05999755859375,10.65512752532959,977900
2015-05-26,76.9800033569336,77.19999694824219,76.33999633789062,76.44000244140625,10.569397926330566,1069800
2015-05-27,76.66000366210938,77.45999908447266,76.4800033569336,77.37000274658203,10.697991371154785,824800
2015-05-28,77.13999938964844,77.51000213623047,76.63999938964844,76.98999786376953,10.645444869995117,900900
2015-05-29,76.86000061035156,77.08999633789062,76.25,76.63999938964844,10.597051620483398,883900
2015-06-01,76.7300033569336,77.06999969482422,76.16999816894531,76.45999908447266,10.572165489196777,690300
2015-06-02,76.45999908447266,76.5,75.68000030517578,76.0,10.508559226989746,621800
2015-06-03,76.41999816894531,76.4800033569336,75.69000244140625,76.13999938964844,10.527915954589844,1148800
2015-06-04,75.80999755859375,76.08999633789062,75.1500015258789,75.26000213623047,10.406238555908203,1082900
2015-06-05,75.13999938964844,75.25,73.30000305175781,73.86000061035156,10.21265697479248,1578100
2015-06-08,73.80999755859375,73.98999786376953,73.43000030517578,73.45999908447266,10.157349586486816,697700
2015-06-09,73.45999908447266,73.6500015258789,72.77999877929688,73.2699966430664,10.131080627441406,1291200
2015-06-10,73.62000274658203,74.30999755859375,73.4000015258789,74.04000091552734,10.237546920776367,1089200
2015-06-11,73.69000244140625,74.36000061035156,73.69000244140625,74.16999816894531,10.3224458694458,1064600
2015-06-12,73.91999816894531,74.13999938964844,73.5,73.54000091552734,10.23476505279541,673900
2015-06-15,73.33999633789062,73.63999938964844,72.58000183105469,72.75,10.124818801879883,1264900
2015-06-16,72.83000183105469,73.5999984741211,72.76000213623047,73.54000091552734,10.23476505279541,719300
2015-06-17,73.48999786376953,74.25,73.26000213623047,74.08999633789062,10.311309814453125,840900
2015-06-18,74.25,75.05999755859375,74.1500015258789,74.7699966430664,10.405946731567383,717100
2015-06-19,74.7699966430664,74.98999786376953,74.47000122070312,74.5999984741211,10.38228702545166,1283800
2015-06-22,74.88999938964844,75.33000183105469,74.6500015258789,74.68000030517578,10.393420219421387,465700
2015-06-23,74.58000183105469,74.81999969482422,74.23999786376953,74.25,10.333580017089844,566800
2015-06-24,74.33000183105469,75.36000061035156,74.33000183105469,74.41999816894531,10.357236862182617,982100
2015-06-25,74.5199966430664,75.02999877929688,74.45999908447266,74.69000244140625,10.394814491271973,1243400
2015-06-26,74.73999786376953,75.16000366210938,74.55999755859375,74.87000274658203,10.419862747192383,782400
2015-06-29,74.27999877929688,74.41999816894531,73.29000091552734,73.33000183105469,10.205537796020508,687400
2015-06-30,73.83999633789062,73.94000244140625,72.70999908447266,72.9000015258789,10.1456937789917,1216100
2015-07-01,73.30999755859375,74.56999969482422,73.16000366210938,74.56999969482422,10.378113746643066,1631600
2015-07-02,74.52999877929688,74.8499984741211,73.76000213623047,74.18000030517578,10.323834419250488,925600
2015-07-06,73.77999877929688,75.44999694824219,73.56999969482422,75.1500015258789,10.458833694458008,1443800
2015-07-07,75.23999786376953,77.52999877929688,75.16999816894531,77.33999633789062,10.763620376586914,1781100
2015-07-08,77.05999755859375,77.16000366210938,76.12999725341797,76.12999725341797,10.595222473144531,1096100
2015-07-09,77.06999969482422,77.77999877929688,76.22000122070312,76.33999633789062,10.624448776245117,1005700
2015-07-10,76.87999725341797,77.69999694824219,76.69000244140625,77.18000030517578,10.741353034973145,895900
2015-07-13,77.72000122070312,78.36000061035156,77.44000244140625,78.30999755859375,10.898619651794434,751700
2015-07-14,78.47000122070312,78.94000244140625,78.08000183105469,78.56999969482422,10.934804916381836,972100
2015-07-15,78.3499984741211,78.93000030517578,78.11000061035156,78.31999969482422,10.900012016296387,729300
2015-07-16,78.83000183105469,78.98999786376953,78.56999969482422,78.76000213623047,10.961246490478516,726100
2015-07-17,78.58999633789062,78.75,78.20999908447266,78.66999816894531,10.948721885681152,464700
2015-07-20,78.95999908447266,79.2699966430664,78.61000061035156,79.1500015258789,11.015523910522461,625500
2015-07-21,79.29000091552734,79.66999816894531,78.54000091552734,78.77999877929688,10.964028358459473,659500
2015-07-22,78.4800033569336,79.47000122070312,78.47000122070312,78.72000122070312,10.955681800842285,1024200
2015-07-23,78.93000030517578,79.37000274658203,76.43000030517578,77.26000213623047,10.752485275268555,1261300
2015-07-24,77.45999908447266,78.3499984741211,77.30000305175781,77.91999816894531,10.844342231750488,895800
2015-07-27,77.56999969482422,78.01000213623047,77.02999877929688,77.63999938964844,10.805374145507812,1381900
2015-07-28,77.91000366210938,79.08000183105469,77.80999755859375,78.9800033569336,10.991866111755371,1087700
2015-07-29,79.08999633789062,79.66000366210938,78.69999694824219,79.5,11.064237594604492,1309400
2015-07-30,79.08000183105469,80.0999984741211,79.0,79.81999969482422,11.108771324157715,1000600
2015-07-31,80.22000122070312,80.41000366210938,79.93000030517578,80.22000122070312,11.164440155029297,1504500
2015-08-03,80.33999633789062,81.05999755859375,80.22000122070312,80.61000061035156,11.218720436096191,788200
2015-08-04,80.5,81.73999786376953,80.5,81.52999877929688,11.346755027770996,1296500
2015-08-05,82.12000274658203,83.36000061035156,81.87000274658203,83.23999786376953,11.584741592407227,1989900
2015-08-06,83.37000274658203,83.56999969482422,82.0999984741211,82.29000091552734,11.45252799987793,1632300
2015-08-07,82.2699966430664,82.77999877929688,81.77999877929688,81.87000274658203,11.394076347351074,1191300
2015-08-10,82.37999725341797,82.66999816894531,81.52999877929688,81.7699966430664,11.380155563354492,974300
2015-08-11,81.30999755859375,81.91000366210938,81.19000244140625,81.66000366210938,11.364850044250488,788400
2015-08-12,81.20999908447266,81.80000305175781,80.52999877929688,81.61000061035156,11.357891082763672,992000
2015-08-13,81.51000213623047,82.5,81.5,82.12000274658203,11.42887020111084,609600
2015-08-14,82.06999969482422,82.4000015258789,81.7300033569336,82.25,11.4469575881958,653000
2015-08-17,81.86000061035156,83.0,81.86000061035156,83.0,11.551342010498047,610800
2015-08-18,82.80000305175781,83.12999725341797,82.56999969482422,82.77999877929688,11.520720481872559,713400
2015-08-19,82.37999725341797,83.20999908447266,81.83000183105469,82.58999633789062,11.494277954101562,1029200
2015-08-20,81.9000015258789,82.18000030517578,81.3499984741211,81.41999816894531,11.331445693969727,725900
2015-08-21,80.9800033569336,80.9800033569336,78.95999908447266,79.0,10.994647979736328,1309200
2015-08-24,75.98999786376953,77.81999969482422,72.0,76.75,10.681506156921387,1984600
2015-08-25,78.26000213623047,78.4800033569336,74.93000030517578,75.0199966430664,10.440738677978516,1593700
2015-08-26,76.31999969482422,76.68000030517578,73.80999755859375,76.62000274658203,10.663420677185059,3405900
2015-08-27,77.20999908447266,77.6500015258789,75.69000244140625,77.05999755859375,10.724653244018555,2228000
2015-08-28,76.7300033569336,77.16999816894531,76.33000183105469,77.11000061035156,10.731614112854004,1007800
2015-08-31,76.87999725341797,77.05000305175781,76.44000244140625,76.7300033569336,10.678726196289062,1166100
2015-09-01,75.5199966430664,76.29000091552734,75.08999633789062,75.41000366210938,10.495020866394043,1820200
2015-09-02,76.08999633789062,76.62000274658203,75.66000366210938,76.61000061035156,10.662030220031738,1113700
2015-09-03,76.73999786376953,77.5,76.70999908447266,76.94999694824219,10.709343910217285,1116700
2015-09-04,76.19000244140625,76.30000305175781,75.30000305175781,75.7699966430664,10.545119285583496,1107200
2015-09-08,76.6500015258789,77.7699966430664,76.52999877929688,77.66999816894531,10.809551239013672,1320100
2015-09-09,78.05999755859375,78.23999786376953,75.80999755859375,76.0199966430664,10.579912185668945,1297900
2015-09-10,75.76000213623047,76.37000274658203,75.3499984741211,75.94999694824219,10.637334823608398,1001300
2015-09-11,75.6500015258789,76.47000122070312,75.58000183105469,76.44999694824219,10.707365036010742,997800
2015-09-14,76.43000030517578,76.5199966430664,75.91999816894531,76.19999694824219,10.672350883483887,913900
2015-09-15,76.4000015258789,77.04000091552734,76.04000091552734,76.80000305175781,10.756385803222656,1048900
2015-09-16,76.80999755859375,77.44999694824219,76.80999755859375,77.26000213623047,10.82081127166748,971100
2015-09-17,77.27999877929688,78.72000122070312,77.11000061035156,77.80999755859375,10.897843360900879,789300
2015-09-18,77.20999908447266,78.12999725341797,77.0,77.2300033569336,10.816611289978027,1453200
2015-09-21,77.5,78.22000122070312,77.5,78.05999755859375,10.932856559753418,880600
2015-09-22,77.2699966430664,77.5,76.55999755859375,77.26000213623047,10.82081127166748,1058900
2015-09-23,77.18000030517578,77.7300033569336,76.77999877929688,77.62999725341797,10.872632026672363,656600
2015-09-24,77.30000305175781,77.97000122070312,77.08000183105469,77.81999969482422,10.89924430847168,781200
2015-09-25,78.4800033569336,79.2699966430664,78.05999755859375,78.20999908447266,10.953865051269531,870300
2015-09-28,77.9800033569336,78.25,76.80000305175781,77.19000244140625,10.811012268066406,1267600
2015-09-29,77.12000274658203,78.43000030517578,77.0,78.23999786376953,10.958066940307617,1727600
2015-09-30,79.06999969482422,79.18000030517578,78.5199966430664,79.05000305175781,11.071516036987305,1379400
2015-10-01,78.94999694824219,79.31999969482422,78.38999938964844,79.22000122070312,11.095321655273438,1149900
2015-10-02,78.48999786376953,79.66999816894531,78.01000213623047,79.56999969482422,11.144341468811035,1031000
2015-10-05,80.44000244140625,82.69000244140625,80.44000244140625,82.56999969482422,11.564515113830566,1659700
2015-10-06,82.7699966430664,83.27999877929688,81.9000015258789,81.95999908447266,11.47907829284668,1219900
2015-10-07,82.04000091552734,83.11000061035156,81.83999633789062,83.11000061035156,11.640144348144531,1526800
2015-10-08,82.94000244140625,83.79000091552734,82.48999786376953,83.5999984741211,11.70877456665039,1056600
2015-10-09,83.41999816894531,84.18000030517578,83.37000274658203,83.69999694824219,11.7227783203125,1146100
2015-10-12,83.69000244140625,84.30000305175781,83.61000061035156,84.02999877929688,11.768996238708496,975800
2015-10-13,83.83999633789062,84.01000213623047,83.30000305175781,83.5999984741211,11.70877456665039,1153400
2015-10-14,83.5199966430664,83.63999938964844,82.63999938964844,82.80000305175781,11.596728324890137,951800
2015-10-15,83.41999816894531,83.52999877929688,82.44999694824219,82.9800033569336,11.621939659118652,867800
2015-10-16,83.05999755859375,84.1500015258789,82.98999786376953,84.12999725341797,11.783001899719238,1067700
2015-10-19,84.12999725341797,84.97000122070312,83.81999969482422,84.9000015258789,11.890844345092773,993700
2015-10-20,84.79000091552734,85.69999694824219,84.58000183105469,84.7300033569336,11.867036819458008,1200300
2015-10-21,84.77999877929688,85.68000030517578,84.6500015258789,84.81999969482422,11.879645347595215,1487500
2015-10-22,85.63999938964844,90.12000274658203,85.63999938964844,89.5999984741211,12.549117088317871,2486800
2015-10-23,90.19000244140625,90.80999755859375,89.19999694824219,89.88999938964844,12.589733123779297,2293100
2015-10-26,90.0,90.0,89.44000244140625,89.87999725341797,12.588335037231445,979500
2015-10-27,90.05000305175781,90.5199966430664,89.69999694824219,90.48999786376953,12.673768997192383,1541000
2015-10-28,90.81999969482422,90.94999694824219,89.91999816894531,90.93000030517578,12.735391616821289,1008800
2015-10-29,90.56999969482422,90.70999908447266,89.94000244140625,90.08000183105469,12.61634349822998,951900
2015-10-30,90.02999877929688,90.44000244140625,89.37000274658203,89.37000274658203,12.516904830932617,1222100
2015-11-02,89.81999969482422,89.83999633789062,88.95999908447266,89.13999938964844,12.484689712524414,1386700
2015-11-03,88.80000305175781,88.87000274658203,88.12000274658203,88.2300033569336,12.357236862182617,1758000
2015-11-04,88.4800033569336,88.4800033569336,87.80999755859375,88.18000030517578,12.350235939025879,907500
2015-11-05,88.37999725341797,88.38999938964844,87.48999786376953,87.69999694824219,12.28300666809082,1453100
2015-11-06,87.43000030517578,87.69999694824219,86.04000091552734,86.26000213623047,12.081326484680176,2199700
2015-11-09,86.22000122070312,86.30000305175781,85.5,85.9000015258789,12.030904769897461,1465000
2015-11-10,85.9000015258789,87.58999633789062,85.87000274658203,87.13999938964844,12.204577445983887,1466700
2015-11-11,87.45999908447266,89.23999786376953,87.36000061035156,88.4800033569336,12.392252922058105,1670000
2015-11-12,88.16999816894531,88.43000030517578,86.79000091552734,86.81999969482422,12.159757614135742,1117700
2015-11-13,86.91000366210938,88.0,86.5999984741211,86.86000061035156,12.165359497070312,1043300
2015-11-16,86.86000061035156,88.05999755859375,86.7300033569336,88.0199966430664,12.3278226852417,909400
2015-11-17,87.94999694824219,88.3499984741211,86.93000030517578,87.16000366210938,12.207378387451172,732300
2015-11-18,87.25,88.8499984741211,87.08000183105469,88.7699966430664,12.432869911193848,856600
2015-11-19,89.04000091552734,89.91000366210938,89.0199966430664,89.31999969482422,12.50990104675293,958900
2015-11-20,89.7300033569336,90.0,87.81999969482422,87.87999725341797,12.30821704864502,1319500
2015-11-23,88.31999969482422,89.52999877929688,88.0999984741211,89.13999938964844,12.484689712524414,1057600
2015-11-24,88.5,89.76000213623047,88.2699966430664,89.44000244140625,12.526707649230957,1219600
2015-11-25,89.38999938964844,89.95999908447266,89.04000091552734,89.79000091552734,12.575726509094238,1033700
2015-11-27,89.7300033569336,90.69000244140625,89.20999908447266,90.56999969482422,12.68497085571289,639400
2015-11-30,90.58999633789062,90.94999694824219,89.6500015258789,89.75,12.570124626159668,1813200
2015-12-01,90.16000366210938,91.7699966430664,90.0199966430664,91.63999938964844,12.834830284118652,1778600
2015-12-02,91.51000213623047,91.80000305175781,90.70999908447266,90.8499984741211,12.724186897277832,1065900
2015-12-03,90.79000091552734,91.05999755859375,89.41000366210938,89.79000091552734,12.575726509094238,1309700
2015-12-04,90.08000183105469,92.5,90.08000183105469,92.41999816894531,12.944077491760254,1214900
2015-12-07,92.2699966430664,92.52999877929688,91.11000061035156,91.81999969482422,12.8600435256958,1029400
2015-12-08,91.41999816894531,92.79000091552734,91.30999755859375,92.55999755859375,12.9636869430542,1349700
2015-12-09,92.05999755859375,92.83000183105469,90.66999816894531,90.94000244140625,12.736794471740723,1048700
2015-12-10,90.80000305175781,91.66999816894531,90.26000213623047,91.08000183105469,12.824089050292969,1104100
2015-12-11,90.12000274658203,91.23999786376953,89.8499984741211,90.44000244140625,12.733978271484375,1185700
2015-12-14,90.51000213623047,91.95999908447266,90.38999938964844,91.83000183105469,12.929688453674316,1717300
2015-12-15,92.19000244140625,93.83999633789062,92.19000244140625,93.33000183105469,13.140891075134277,1848000
2015-12-16,93.58999633789062,94.22000122070312,92.02999877929688,94.08000183105469,13.246491432189941,1483300
2015-12-17,93.91000366210938,93.91999816894531,92.75,93.02999877929688,13.098648071289062,1986200
2015-12-18,92.8499984741211,92.8499984741211,91.62000274658203,91.63999938964844,12.902936935424805,2012400
2015-12-21,92.3499984741211,92.44000244140625,91.37000274658203,92.18000030517578,12.978970527648926,1473300
2015-12-22,92.73999786376953,93.80000305175781,92.04000091552734,93.54000091552734,13.17045783996582,1207300
2015-12-23,94.01000213623047,94.1500015258789,93.63999938964844,93.8499984741211,13.214109420776367,1028700
2015-12-24,93.61000061035156,94.30999755859375,93.5,93.91999816894531,13.223957061767578,347000
2015-12-28,93.9000015258789,94.33000183105469,93.44000244140625,94.33000183105469,13.28169059753418,854700
2015-12-29,94.5999984741211,95.26000213623047,94.5999984741211,94.98999786376953,13.374619483947754,717600
2015-12-30,94.95999908447266,95.13999938964844,94.55000305175781,94.6500015258789,13.326745986938477,607200
2015-12-31,94.41000366210938,94.55000305175781,93.18000030517578,93.19999694824219,13.122584342956543,775700
2016-01-04,91.91000366210938,92.29000091552734,91.08000183105469,92.2300033569336,12.986010551452637,1484200
2016-01-05,92.48999786376953,93.70999908447266,92.37000274658203,93.37000274658203,13.146523475646973,1241400
2016-01-06,92.41000366210938,94.51000213623047,92.41000366210938,94.5,13.30562686920166,2904900
2016-01-07,93.2699966430664,94.51000213623047,93.01000213623047,93.29000091552734,13.135259628295898,2203200
2016-01-08,93.75,94.23999786376953,92.23999786376953,92.45999908447266,13.018391609191895,1231100
2016-01-11,92.69999694824219,93.27999877929688,91.62000274658203,92.5999984741211,13.038104057312012,1295400
2016-01-12,93.45999908447266,93.45999908447266,91.98999786376953,92.72000122070312,13.055002212524414,1028400
2016-01-13,91.45999908447266,92.0,90.27999877929688,90.38999938964844,12.726935386657715,1926400
2016-01-14,90.08999633789062,90.8499984741211,89.41999816894531,90.22000122070312,12.703001022338867,1596700
2016-01-15,88.62000274658203,89.58000183105469,88.37000274658203,89.16000366210938,12.553752899169922,1335000
2016-01-19,90.4800033569336,91.05999755859375,89.98999786376953,90.69999694824219,12.770585060119629,1268400
2016-01-20,89.73999786376953,91.26000213623047,88.9000015258789,90.22000122070312,12.703001022338867,2284900
2016-01-21,90.44999694824219,90.94000244140625,89.22000122070312,89.97000122070312,12.66779899597168,1644700
2016-01-22,91.7699966430664,91.87999725341797,89.51000213623047,90.55000305175781,12.749465942382812,2244000
2016-01-25,91.05000305175781,91.72000122070312,90.41999816894531,91.01000213623047,12.814233779907227,2156700
2016-01-26,91.22000122070312,91.86000061035156,91.05000305175781,91.41999816894531,12.871959686279297,1565400
2016-01-27,91.48999786376953,91.77999877929688,90.1500015258789,90.58000183105469,12.753687858581543,1180400
2016-01-28,90.70999908447266,92.2300033569336,90.51000213623047,92.06999969482422,12.963479042053223,2093300
2016-01-29,92.55999755859375,94.26000213623047,92.31999969482422,93.83999633789062,13.212697982788086,2228900
2016-02-01,93.76000213623047,95.87000274658203,93.6500015258789,95.52999877929688,13.450650215148926,1725800
2016-02-02,94.88999938964844,95.31999969482422,94.47000122070312,94.75,13.340829849243164,1636400
2016-02-03,95.18000030517578,95.36000061035156,93.01000213623047,93.19999694824219,13.122584342956543,1837900
2016-02-04,92.88999938964844,93.18000030517578,89.79000091552734,90.2300033569336,12.704410552978516,2144000
2016-02-05,90.3499984741211,90.66999816894531,88.80000305175781,89.3499984741211,12.58050537109375,1630400
2016-02-08,89.04000091552734,89.30000305175781,87.18000030517578,88.98999786376953,12.529817581176758,1919400
2016-02-09,88.2300033569336,90.86000061035156,88.22000122070312,90.31999969482422,12.717079162597656,1328300
2016-02-10,90.56999969482422,91.30999755859375,89.8499984741211,89.97000122070312,12.66779899597168,998300
2016-02-11,89.33999633789062,90.08000183105469,88.30999755859375,89.58999633789062,12.614296913146973,1400000
2016-02-12,90.62999725341797,92.1500015258789,89.98999786376953,91.97000122070312,12.949403762817383,1103600
2016-02-16,92.87000274658203,92.97000122070312,91.5999984741211,92.01000213623047,12.955031394958496,2024700
2016-02-17,89.08000183105469,91.51000213623047,88.6500015258789,89.33000183105469,12.577690124511719,3049200
2016-02-18,89.5999984741211,90.18000030517578,89.05999755859375,89.94000244140625,12.663576126098633,2885200
2016-02-19,89.97000122070312,90.7699966430664,89.20999908447266,90.54000091552734,12.748056411743164,1479800
2016-02-22,90.80000305175781,91.87999725341797,90.61000061035156,91.33000183105469,12.85928726196289,1365700
2016-02-23,91.13999938964844,92.58000183105469,90.76000213623047,92.08999633789062,12.966299057006836,1437100
2016-02-24,91.80999755859375,92.80000305175781,91.44000244140625,92.66999816894531,13.047964096069336,1342300
2016-02-25,92.97000122070312,93.33999633789062,92.38999938964844,93.20999908447266,13.123991966247559,1707600
2016-02-26,92.97000122070312,93.23999786376953,91.62999725341797,92.18000030517578,12.978970527648926,1076600
2016-02-29,91.94999694824219,92.55999755859375,91.48999786376953,91.52999877929688,12.887451171875,1203900
2016-03-01,92.1500015258789,93.0,91.54000091552734,92.70999908447266,13.05359172821045,1492400
2016-03-02,92.56999969482422,92.7300033569336,91.48999786376953,91.9800033569336,12.950809478759766,1259300
2016-03-03,91.9000015258789,92.04000091552734,91.02999877929688,91.94999694824219,12.946586608886719,1318500
2016-03-04,92.0999984741211,92.45999908447266,91.29000091552734,91.77999877929688,12.922651290893555,1780000
2016-03-07,91.37999725341797,91.66000366210938,90.0199966430664,90.20999908447266,12.701594352722168,1945400
2016-03-08,90.0999984741211,91.68000030517578,90.01000213623047,90.75,12.777624130249023,2399400
2016-03-09,90.93000030517578,92.3499984741211,90.5999984741211,92.0199966430664,12.956439971923828,1382100
2016-03-10,92.02999877929688,92.87999725341797,91.33000183105469,92.12000274658203,12.970521926879883,1016900
2016-03-11,91.6500015258789,91.94999694824219,90.58000183105469,91.04000091552734,12.892630577087402,1372000
2016-03-14,91.2300033569336,91.41000366210938,90.37999725341797,90.75,12.851566314697266,1307200
2016-03-15,90.44999694824219,91.45999908447266,90.05999755859375,90.68000030517578,12.841651916503906,1180100
2016-03-16,90.22000122070312,90.58000183105469,89.26000213623047,90.19999694824219,12.773674011230469,1465900
2016-03-17,90.19999694824219,92.0,90.1500015258789,91.79000091552734,12.998846054077148,1604300
2016-03-18,91.7699966430664,91.7699966430664,90.27999877929688,90.3499984741211,12.794918060302734,2210900
2016-03-21,90.33999633789062,90.95999908447266,89.91000366210938,90.23999786376953,12.779338836669922,1648300
2016-03-22,90.16999816894531,90.27999877929688,89.12999725341797,89.37000274658203,12.656134605407715,1383800
2016-03-23,89.36000061035156,90.62000274658203,89.0,89.95999908447266,12.739689826965332,1491900
2016-03-24,89.54000091552734,90.0999984741211,88.0,88.2300033569336,12.494696617126465,1488200
2016-03-28,88.30000305175781,89.94000244140625,88.30000305175781,89.44000244140625,12.666048049926758,1128300
2016-03-29,89.44000244140625,90.1500015258789,89.3499984741211,90.0199966430664,12.748187065124512,1018400
2016-03-30,90.12999725341797,90.44999694824219,89.44999694824219,89.94000244140625,12.736855506896973,1240300
2016-03-31,90.05999755859375,90.44000244140625,89.33000183105469,89.41999816894531,12.663216590881348,1145500
2016-04-01,89.44999694824219,91.37000274658203,89.16999816894531,91.30000305175781,12.92945384979248,1660000
2016-04-04,91.4800033569336,91.80000305175781,90.44000244140625,91.0,12.886970520019531,1415400
2016-04-05,90.44999694824219,91.95999908447266,90.22000122070312,91.27999877929688,12.926620483398438,2442900
2016-04-06,91.16999816894531,91.44000244140625,90.19999694824219,91.23999786376953,12.920955657958984,1083600
2016-04-07,90.73999786376953,90.94999694824219,89.70999908447266,89.97000122070312,12.741106986999512,1620500
2016-04-08,90.18000030517578,91.83999633789062,89.9800033569336,91.5199966430664,12.96060848236084,1259900
2016-04-11,91.56999969482422,92.26000213623047,90.68000030517578,90.75,12.851566314697266,1206600
2016-04-12,90.73999786376953,91.47000122070312,90.44999694824219,90.5999984741211,12.830320358276367,989100
2016-04-13,90.68000030517578,90.69000244140625,89.26000213623047,89.36000061035156,12.654720306396484,1356200
2016-04-14,89.25,89.51000213623047,88.18000030517578,88.25,12.497529029846191,2009900
2016-04-15,88.30999755859375,88.4800033569336,87.76000213623047,88.43000030517578,12.523018836975098,1533200
2016-04-18,88.66999816894531,89.02999877929688,88.37000274658203,88.81999969482422,12.578248977661133,1196000
2016-04-19,89.0999984741211,89.80999755859375,88.62000274658203,89.58999633789062,12.68729019165039,1337500
2016-04-20,89.5,89.62999725341797,87.81999969482422,87.8499984741211,12.440884590148926,1283800
2016-04-21,87.69999694824219,87.97000122070312,86.02999877929688,86.41999816894531,12.238373756408691,1950100
2016-04-22,86.36000061035156,86.79000091552734,86.25,86.62000274658203,12.266695022583008,1470800
2016-04-25,86.51000213623047,87.70999908447266,86.44999694824219,87.62999725341797,12.409725189208984,1191100
2016-04-26,87.72000122070312,88.55999755859375,87.52999877929688,87.77999877929688,12.4309663772583,1535000
2016-04-27,89.30000305175781,90.5199966430664,89.13999938964844,90.37999725341797,12.799165725708008,2670600
2016-04-28,89.97000122070312,91.12000274658203,89.52999877929688,90.61000061035156,12.83173942565918,1554600
2016-04-29,90.48999786376953,90.95999908447266,90.0199966430664,90.91000366210938,12.874223709106445,1543000
2016-05-02,91.06999969482422,92.44999694824219,90.81999969482422,92.05999755859375,13.037079811096191,1409600
2016-05-03,91.88999938964844,92.6500015258789,91.6500015258789,92.05000305175781,13.035664558410645,1108200
2016-05-04,91.76000213623047,92.9800033569336,91.4000015258789,92.73999786376953,13.133378982543945,847900
2016-05-05,92.63999938964844,93.56999969482422,92.62999725341797,92.9800033569336,13.167367935180664,980000
2016-05-06,92.83000183105469,94.12000274658203,92.58999633789062,93.94999694824219,13.304733276367188,925900
2016-05-09,93.94999694824219,95.01000213623047,93.94999694824219,94.88999938964844,13.437849044799805,1094700
2016-05-10,95.05000305175781,95.77999877929688,94.66999816894531,95.43000030517578,13.514322280883789,1213000
2016-05-11,95.4000015258789,95.73999786376953,94.66000366210938,94.7699966430664,13.420856475830078,604200
2016-05-12,94.91999816894531,95.55999755859375,94.38999938964844,95.55999755859375,13.532735824584961,1124600
2016-05-13,95.41999816894531,95.83000183105469,94.5,94.91000366210938,13.44068431854248,803900
2016-05-16,94.76000213623047,94.94999694824219,93.72000122070312,94.43000030517578,13.372706413269043,1440400
2016-05-17,94.12999725341797,94.29000091552734,92.0,92.41000366210938,13.08664608001709,1118700
2016-05-18,92.19000244140625,92.73999786376953,91.36000061035156,91.8499984741211,13.007341384887695,1110100
2016-05-19,91.7699966430664,92.30999755859375,91.54000091552734,92.19999694824219,13.056903839111328,664900
2016-05-20,92.68000030517578,92.68000030517578,91.13999938964844,91.20999908447266,12.916708946228027,884200
2016-05-23,91.5,92.29000091552734,91.19999694824219,91.91000366210938,13.015840530395508,914500
2016-05-24,92.1500015258789,93.01000213623047,92.12000274658203,92.69000244140625,13.126296997070312,832700
2016-05-25,92.5,92.80999755859375,91.73999786376953,91.7699966430664,12.996012687683105,788300
2016-05-26,91.94000244140625,92.38999938964844,91.73999786376953,92.18000030517578,13.054072380065918,941000
2016-05-27,92.18000030517578,92.70999908447266,91.8499984741211,92.1500015258789,13.049824714660645,703100
2016-05-31,92.37999725341797,92.69000244140625,91.0,91.4000015258789,12.943612098693848,2048500
2016-06-01,91.58000183105469,92.5199966430664,91.4000015258789,92.3499984741211,13.07814884185791,1125900
2016-06-02,92.12000274658203,92.37000274658203,91.80000305175781,92.04000091552734,13.034245491027832,669500
2016-06-03,92.08000183105469,92.79000091552734,91.93000030517578,92.70999908447266,13.129129409790039,657800
2016-06-06,92.69999694824219,92.94000244140625,92.13999938964844,92.31999969482422,13.073899269104004,560800
2016-06-07,92.3499984741211,92.41999816894531,91.69000244140625,91.77999877929688,12.997429847717285,881300
2016-06-08,91.56999969482422,91.94999694824219,91.0,91.86000061035156,13.008756637573242,848700
2016-06-09,91.83000183105469,92.48999786376953,91.45999908447266,92.37000274658203,13.080982208251953,1079100
2016-06-10,91.58999633789062,92.45999908447266,91.4800033569336,92.22000122070312,13.13510513305664,1026000
2016-06-13,92.27999877929688,92.8499984741211,91.54000091552734,91.62999725341797,13.051070213317871,841800
2016-06-14,91.18000030517578,91.83999633789062,90.2300033569336,91.72000122070312,13.063891410827637,1204500
2016-06-15,91.77999877929688,92.0199966430664,90.9800033569336,91.30000305175781,13.004068374633789,983400
2016-06-16,91.0199966430664,92.47000122070312,90.9000015258789,92.41000366210938,13.162166595458984,1201500
2016-06-17,91.97000122070312,92.06999969482422,90.55999755859375,91.37000274658203,13.014039993286133,1677600
2016-06-20,91.93000030517578,92.62999725341797,91.87000274658203,91.97000122070312,13.099495887756348,815500
2016-06-21,92.37999725341797,92.88999938964844,92.05999755859375,92.37000274658203,13.156472206115723,631700
2016-06-22,92.55000305175781,92.9000015258789,92.01000213623047,92.11000061035156,13.119436264038086,870600
2016-06-23,92.51000213623047,92.63999938964844,92.08000183105469,92.56999969482422,13.184955596923828,418300
2016-06-24,90.72000122070312,92.86000061035156,90.18000030517578,92.18000030517578,13.129408836364746,1412400
2016-06-27,91.91000366210938,96.27999877929688,91.80000305175781,95.8499984741211,13.65213394165039,3613300
2016-06-28,95.63999938964844,95.63999938964844,93.72000122070312,94.7300033569336,13.492610931396484,2098700
2016-06-29,95.05999755859375,95.58999633789062,93.61000061035156,94.08000183105469,13.40002727508545,1336900
2016-06-30,94.05000305175781,96.6500015258789,94.04000091552734,96.62999725341797,13.763229370117188,1500400
2016-07-01,97.06999969482422,97.06999969482422,95.56999969482422,95.6500015258789,13.623647689819336,995600
2016-07-05,95.79000091552734,98.06999969482422,95.54000091552734,97.33999633789062,13.864357948303223,967700
2016-07-06,97.5199966430664,98.13999938964844,96.4800033569336,97.73999786376953,13.921330451965332,1592900
2016-07-07,98.02999877929688,98.4000015258789,96.83999633789062,97.01000213623047,13.817354202270508,915100
2016-07-08,97.25,97.43000030517578,96.5199966430664,97.12999725341797,13.834447860717773,822500
2016-07-11,96.68000030517578,96.83999633789062,96.0199966430664,96.54000091552734,13.75041389465332,876200
2016-07-12,96.22000122070312,96.97000122070312,96.16999816894531,96.80999755859375,13.788867950439453,830600
2016-07-13,96.70999908447266,97.3499984741211,96.33000183105469,97.20999908447266,13.845843315124512,703600
2016-07-14,95.94000244140625,97.54000091552734,95.94000244140625,96.94999694824219,13.808810234069824,727600
2016-07-15,97.08999633789062,97.4000015258789,96.76000213623047,97.01000213623047,13.817354202270508,593800
2016-07-18,97.19000244140625,97.20999908447266,96.19000244140625,96.62000274658203,13.761805534362793,439300
2016-07-19,96.66999816894531,97.87000274658203,96.58999633789062,97.86000061035156,13.938424110412598,963200
2016-07-20,97.97000122070312,98.33000183105469,97.33000183105469,97.79000091552734,13.928452491760254,1218200
2016-07-21,97.29000091552734,97.5999984741211,97.06999969482422,97.56999969482422,13.897116661071777,786700
2016-07-22,97.68000030517578,98.41999816894531,97.56999969482422,98.33999633789062,14.006789207458496,671400
2016-07-25,98.19999694824219,98.3499984741211,97.19999694824219,98.0199966430664,13.961210250854492,896700
2016-07-26,97.91000366210938,98.08000183105469,97.12000274658203,97.19000244140625,13.842989921569824,1040400
2016-07-27,96.73999786376953,97.05999755859375,94.55000305175781,96.19999694824219,13.701984405517578,1923700
2016-07-28,96.19999694824219,98.08000183105469,96.19999694824219,97.87000274658203,13.939849853515625,1124100
2016-07-29,97.86000061035156,98.80000305175781,97.86000061035156,98.51000213623047,14.031002044677734,980300
2016-08-01,98.33000183105469,98.44999694824219,97.81999969482422,98.0,13.958361625671387,1309400
2016-08-02,97.77999877929688,98.16000366210938,96.69999694824219,97.01000213623047,13.817354202270508,1347900
2016-08-03,97.37000274658203,97.37000274658203,96.30000305175781,96.66000366210938,13.76750373840332,887100
2016-08-04,96.70999908447266,97.48999786376953,96.44999694824219,97.19000244140625,13.842989921569824,873000
2016-08-05,97.51000213623047,98.23999786376953,96.43000030517578,96.77999877929688,13.784595489501953,1129700
2016-08-08,96.77999877929688,96.77999877929688,95.51000213623047,95.93000030517578,13.663529396057129,1110200
2016-08-09,96.02999877929688,96.76000213623047,95.69999694824219,95.9000015258789,13.659256935119629,1293700
2016-08-10,95.8499984741211,97.31999969482422,95.69999694824219,97.02999877929688,13.82020378112793,1099000
2016-08-11,97.37000274658203,97.68000030517578,96.6500015258789,96.9800033569336,13.813084602355957,944500
2016-08-12,97.19999694824219,97.48999786376953,96.87000274658203,97.2300033569336,13.8486909866333,655600
2016-08-15,97.31999969482422,97.41999816894531,96.91999816894531,97.0,13.815932273864746,699300
2016-08-16,96.6500015258789,96.95999908447266,95.16000366210938,95.20999908447266,13.5609769821167,1434000
2016-08-17,95.33999633789062,96.01000213623047,94.86000061035156,95.88999938964844,13.657831192016602,1484300
2016-08-18,95.69000244140625,96.2699966430664,95.43000030517578,95.63999938964844,13.622224807739258,726200
2016-08-19,95.61000061035156,95.73999786376953,94.41000366210938,94.94999694824219,13.523943901062012,1388300
2016-08-22,94.97000122070312,95.18000030517578,94.23999786376953,94.47000122070312,13.455577850341797,2013500
2016-08-23,94.45999908447266,95.12000274658203,92.91000366210938,93.47000122070312,13.31314468383789,1545200
2016-08-24,93.13999938964844,94.06999969482422,92.80999755859375,93.41000366210938,13.304600715637207,1373400
2016-08-25,93.52999877929688,93.87999725341797,93.16000366210938,93.5199966430664,13.32026481628418,1188700
2016-08-26,93.72000122070312,94.27999877929688,93.08000183105469,93.27999877929688,13.286083221435547,884400
2016-08-29,93.5199966430664,93.77999877929688,93.0999984741211,93.38999938964844,13.301748275756836,778300
2016-08-30,93.45999908447266,93.70999908447266,92.91999816894531,93.16999816894531,13.270416259765625,963200
2016-08-31,93.18000030517578,93.86000061035156,92.93000030517578,93.69999694824219,13.345902442932129,1107000
2016-09-01,93.58999633789062,93.77999877929688,92.61000061035156,93.31999969482422,13.291779518127441,1182800
2016-09-02,93.58999633789062,94.56999969482422,93.41999816894531,94.45999908447266,13.454153060913086,945900
2016-09-06,94.33000183105469,94.68000030517578,93.44999694824219,93.97000122070312,13.384363174438477,1460700
2016-09-07,93.56999969482422,93.97000122070312,92.75,93.55000305175781,13.324541091918945,1295000
2016-09-08,93.1500015258789,93.87999725341797,92.7699966430664,92.98999786376953,13.244776725769043,1172800
2016-09-09,91.93000030517578,91.93000030517578,89.83000183105469,89.83999633789062,12.869465827941895,1488900
2016-09-12,90.19000244140625,91.3499984741211,89.94000244140625,91.26000213623047,13.072879791259766,1561100
2016-09-13,91.02999877929688,91.36000061035156,89.97000122070312,90.05000305175781,12.899550437927246,1284300
2016-09-14,90.19000244140625,90.80000305175781,90.02999877929688,90.27999877929688,12.9324951171875,756800
2016-09-15,90.11000061035156,90.54000091552734,89.9000015258789,90.22000122070312,12.923900604248047,1031600
2016-09-16,90.08999633789062,90.88999938964844,89.44999694824219,90.75,12.999822616577148,1381100
2016-09-19,90.66000366210938,90.9800033569336,90.5999984741211,90.7699966430664,13.002685546875,886900
2016-09-20,91.08999633789062,91.3499984741211,90.48999786376953,90.79000091552734,13.005553245544434,1200400
2016-09-21,90.70999908447266,91.63999938964844,90.13999938964844,91.4000015258789,13.092935562133789,996200
2016-09-22,91.83000183105469,92.2300033569336,91.52999877929688,92.0,13.178882598876953,1068100
2016-09-23,91.62000274658203,92.22000122070312,91.19999694824219,91.61000061035156,13.123015403747559,1261800
2016-09-26,91.5,91.51000213623047,90.19999694824219,90.29000091552734,12.933927536010742,1178300
2016-09-27,90.83999633789062,90.94999694824219,90.19999694824219,90.6500015258789,12.98549747467041,1283800
2016-09-28,90.80000305175781,91.36000061035156,90.5,91.27999877929688,13.075743675231934,1110200
2016-09-29,91.47000122070312,91.98999786376953,90.5999984741211,90.72000122070312,12.995527267456055,1042700
2016-09-30,91.16999816894531,91.6500015258789,90.5999984741211,91.30999755859375,13.08004093170166,969500
2016-10-03,90.93000030517578,90.9800033569336,90.11000061035156,90.76000213623047,13.00125503540039,1101800
2016-10-04,88.25,88.87999725341797,85.31999969482422,86.86000061035156,12.442583084106445,3466500
2016-10-05,87.02999877929688,88.1500015258789,86.94999694824219,87.12000274658203,12.479828834533691,2147600
2016-10-06,86.80999755859375,88.31999969482422,86.70999908447266,88.04000091552734,12.611618995666504,1211300
2016-10-07,88.12999725341797,88.23999786376953,87.04000091552734,87.48999786376953,12.532830238342285,1251500
2016-10-10,87.61000061035156,87.91000366210938,87.01000213623047,87.79000091552734,12.5758056640625,1052700
2016-10-11,87.7300033569336,87.83000183105469,86.7699966430664,87.13999938964844,12.482691764831543,860400
2016-10-12,87.20999908447266,87.58999633789062,86.83999633789062,87.3499984741211,12.512774467468262,1597000
2016-10-13,86.98999786376953,87.63999938964844,86.66000366210938,87.36000061035156,12.514208793640137,1250100
2016-10-14,87.36000061035156,87.73999786376953,87.0199966430664,87.12000274658203,12.479828834533691,1048500
2016-10-17,87.36000061035156,87.69999694824219,87.01000213623047,87.66999816894531,12.558616638183594,1019600
2016-10-18,88.0999984741211,88.37000274658203,87.63999938964844,87.66000366210938,12.557185173034668,752400
2016-10-19,87.62000274658203,88.29000091552734,87.0199966430664,88.0199966430664,12.608753204345703,1235500
2016-10-20,88.0,88.36000061035156,87.04000091552734,87.12000274658203,12.479828834533691,966900
2016-10-21,87.0,87.94000244140625,86.81999969482422,87.86000061035156,12.585833549499512,1015600
2016-10-24,87.87000274658203,88.58000183105469,87.76000213623047,88.31999969482422,12.651726722717285,1199400
2016-10-25,88.08000183105469,88.41000366210938,87.6500015258789,88.31999969482422,12.651726722717285,1540400
2016-10-26,88.45999908447266,90.9000015258789,88.0,88.61000061035156,12.693269729614258,2351600
2016-10-27,90.2300033569336,90.2300033569336,86.62999725341797,87.08999633789062,12.475528717041016,2141400
2016-10-28,87.37000274658203,88.44999694824219,87.16999816894531,88.23999786376953,12.640267372131348,1654600
2016-10-31,88.26000213623047,88.43000030517578,87.5199966430664,87.79000091552734,12.5758056640625,1324700
2016-11-01,87.55999755859375,87.69999694824219,86.56999969482422,86.80999755859375,12.435423851013184,1448600
2016-11-02,86.81999969482422,87.68000030517578,86.81999969482422,87.05000305175781,12.469802856445312,858200
2016-11-03,87.20999908447266,87.48999786376953,86.4800033569336,86.66000366210938,12.413934707641602,880900
2016-11-04,86.7300033569336,87.12999725341797,86.43000030517578,86.52999877929688,12.395310401916504,1100600
2016-11-07,87.12000274658203,87.73999786376953,87.12000274658203,87.69999694824219,12.562911033630371,1164500
2016-11-08,87.52999877929688,88.88999938964844,87.47000122070312,88.55000305175781,12.684675216674805,835100
2016-11-09,86.83999633789062,87.19999694824219,84.5,85.93000030517578,12.309361457824707,1453100
2016-11-10,85.18000030517578,85.18000030517578,83.01000213623047,83.23999786376953,11.924023628234863,2098000
2016-11-11,82.7699966430664,82.80000305175781,81.05000305175781,82.37999725341797,11.800829887390137,1652000
2016-11-14,82.51000213623047,82.66999816894531,81.55000305175781,82.44000244140625,11.809427261352539,1752600
2016-11-15,82.56999969482422,83.4800033569336,82.36000061035156,83.26000213623047,11.926889419555664,1359900
2016-11-16,83.37999725341797,83.52999877929688,82.37000274658203,82.86000061035156,11.869588851928711,1310100
2016-11-17,82.87000274658203,83.08999633789062,82.23999786376953,83.04000091552734,11.895374298095703,1158600
2016-11-18,82.94000244140625,83.66000366210938,82.88999938964844,83.4800033569336,11.958405494689941,1416800
2016-11-21,83.4800033569336,85.30999755859375,83.25,85.25,12.211954116821289,1467100
2016-11-22,85.9000015258789,87.73999786376953,85.58000183105469,87.5,12.534263610839844,2477300
2016-11-23,86.83999633789062,88.19000244140625,86.83999633789062,87.26000213623047,12.499884605407715,2376900
2016-11-25,87.86000061035156,88.77999877929688,87.5,88.0199966430664,12.608753204345703,828200
2016-11-28,88.11000061035156,89.0199966430664,88.02999877929688,88.83000183105469,12.724783897399902,1329200
2016-11-29,88.8499984741211,89.66000366210938,88.51000213623047,89.44999694824219,12.813597679138184,1668100
2016-11-30,88.68000030517578,89.16000366210938,86.56999969482422,86.73999786376953,12.425394058227539,4577800
2016-12-01,86.2699966430664,86.44000244140625,84.05999755859375,85.19999694824219,12.204788208007812,1799700
2016-12-02,85.38999938964844,86.19999694824219,84.76000213623047,85.12999725341797,12.1947660446167,1926400
2016-12-05,85.3499984741211,85.95999908447266,85.16999816894531,85.94999694824219,12.312227249145508,1467400
2016-12-06,86.56999969482422,87.37000274658203,86.0,87.3499984741211,12.512774467468262,1533400
2016-12-07,87.08999633789062,88.58000183105469,87.0,88.55000305175781,12.684675216674805,1978800
2016-12-08,87.77999877929688,88.11000061035156,87.36000061035156,87.7300033569336,12.567211151123047,1832100
2016-12-09,87.16999816894531,89.94000244140625,87.16999816894531,89.83999633789062,12.947686195373535,2374800
2016-12-12,89.81999969482422,90.56999969482422,89.54000091552734,90.33000183105469,13.018306732177734,2048800
2016-12-13,90.27999877929688,90.54000091552734,89.79000091552734,90.05000305175781,12.977953910827637,1933400
2016-12-14,90.48999786376953,90.66999816894531,89.22000122070312,89.75,12.934715270996094,3400300
2016-12-15,89.5999984741211,90.62999725341797,89.5,90.5199966430664,13.045686721801758,1552400
2016-12-16,90.41999816894531,90.93000030517578,90.12999725341797,90.6500015258789,13.064423561096191,2359700
2016-12-19,90.69999694824219,90.81999969482422,90.02999877929688,90.3499984741211,13.02118968963623,990700
2016-12-20,90.29000091552734,90.62999725341797,89.70999908447266,90.47000122070312,13.038479804992676,1193600
2016-12-21,90.58999633789062,91.06999969482422,90.25,90.30000305175781,13.013980865478516,1011000
2016-12-22,90.1500015258789,90.62999725341797,89.6500015258789,90.51000213623047,13.044246673583984,1033700
2016-12-23,90.6500015258789,91.04000091552734,90.37999725341797,90.77999877929688,13.083160400390625,586100
2016-12-27,90.87999725341797,91.05000305175781,90.4800033569336,90.87000274658203,13.09613037109375,591300
2016-12-28,90.52999877929688,90.6500015258789,90.1500015258789,90.45999908447266,13.037041664123535,890900
2016-12-29,90.61000061035156,91.13999938964844,90.5999984741211,90.95999908447266,13.109099388122559,512800
2016-12-30,91.13999938964844,91.13999938964844,90.37000274658203,90.66999816894531,13.067304611206055,736600
2017-01-03,90.66999816894531,91.16999816894531,90.4000015258789,90.86000061035156,13.09468936920166,934000
2017-01-04,91.0999984741211,91.73999786376953,90.95999908447266,91.29000091552734,13.156661033630371,940500
2017-01-05,91.01000213623047,91.69000244140625,90.70999908447266,91.37000274658203,13.168194770812988,1157700
2017-01-06,91.0999984741211,91.27999877929688,90.48999786376953,90.93000030517578,13.104777336120605,951600
2017-01-09,91.69000244140625,91.75,90.47000122070312,90.54000091552734,13.04857063293457,1299200
2017-01-10,90.37000274658203,90.5999984741211,89.72000122070312,90.08000183105469,12.982276916503906,1886700
2017-01-11,89.80000305175781,90.69999694824219,89.72000122070312,90.0199966430664,12.973628044128418,1713500
2017-01-12,89.7699966430664,90.19999694824219,89.22000122070312,89.48999786376953,12.89724349975586,1236000
2017-01-13,89.7300033569336,89.98999786376953,89.05999755859375,89.54000091552734,12.904452323913574,886700
2017-01-17,89.69999694824219,90.41000366210938,89.5999984741211,90.26000213623047,13.008218765258789,1003000
2017-01-18,90.19999694824219,90.72000122070312,89.98999786376953,90.33999633789062,13.019747734069824,1526000
2017-01-19,90.45999908447266,90.62999725341797,90.0,90.37000274658203,13.024069786071777,695200
2017-01-20,90.66999816894531,90.91999816894531,89.91999816894531,90.69999694824219,13.071629524230957,960900
2017-01-23,90.68000030517578,91.26000213623047,90.5199966430664,91.20999908447266,13.145129203796387,779500
2017-01-24,91.20999908447266,91.5999984741211,90.70999908447266,91.44999694824219,13.179720878601074,1030600
2017-01-25,91.55000305175781,91.7300033569336,91.0199966430664,91.11000061035156,13.130717277526855,1218300
2017-01-26,91.11000061035156,91.44000244140625,90.18000030517578,90.62999725341797,13.061539649963379,1216500
2017-01-27,90.80000305175781,90.87000274658203,89.76000213623047,90.02999877929688,12.975068092346191,709000
2017-01-30,90.16999816894531,90.7300033569336,89.83999633789062,90.69000244140625,13.0701904296875,1082000
2017-01-31,90.55999755859375,91.62999725341797,90.33000183105469,91.19999694824219,13.143686294555664,1126900
2017-02-01,91.19999694824219,91.22000122070312,90.20999908447266,90.41000366210938,13.029836654663086,1000500
2017-02-02,90.83999633789062,91.77999877929688,90.5,91.58000183105469,13.198455810546875,988000
2017-02-03,92.0,92.54000091552734,91.58000183105469,91.72000122070312,13.218629837036133,743100
2017-02-06,91.80000305175781,91.80000305175781,91.12000274658203,91.18000030517578,13.140807151794434,593100
2017-02-07,91.5999984741211,92.76000213623047,91.37999725341797,92.58000183105469,13.342574119567871,872100
2017-02-08,92.4000015258789,93.36000061035156,92.12999725341797,92.77999877929688,13.3713960647583,1049000
2017-02-09,92.77999877929688,93.33000183105469,91.8499984741211,93.18000030517578,13.429046630859375,905900
2017-02-10,93.19999694824219,93.86000061035156,92.93000030517578,93.55999755859375,13.483809471130371,887400
2017-02-13,93.55999755859375,94.08000183105469,92.73999786376953,93.48999786376953,13.473723411560059,1683200
2017-02-14,90.51000213623047,93.72000122070312,90.0,93.06999969482422,13.413190841674805,2085200
2017-02-15,92.5,93.12000274658203,91.63999938964844,92.81999969482422,13.377163887023926,1944600
2017-02-16,92.93000030517578,94.20999908447266,92.9000015258789,94.06999969482422,13.5573091506958,1603200
2017-02-17,93.86000061035156,94.79000091552734,93.56999969482422,93.9800033569336,13.544342041015625,1593900
2017-02-21,93.91000366210938,94.80000305175781,93.56999969482422,94.56999969482422,13.629369735717773,968000
2017-02-22,94.5999984741211,95.1500015258789,94.18000030517578,94.26000213623047,13.584694862365723,1534800
2017-02-23,94.26000213623047,95.08999633789062,94.05000305175781,94.62000274658203,13.636579513549805,901100
2017-02-24,94.76000213623047,95.05999755859375,94.16000366210938,94.79000091552734,13.661076545715332,1010200
2017-02-27,94.44999694824219,94.58999633789062,93.2699966430664,93.29000091552734,13.44489860534668,741700
2017-02-28,93.37999725341797,94.23999786376953,93.29000091552734,93.44000244140625,13.466519355773926,1708500
2017-03-01,93.30000305175781,93.83999633789062,92.93000030517578,93.27999877929688,13.443456649780273,1296500
2017-03-02,93.56999969482422,94.94999694824219,93.30000305175781,94.62000274658203,13.636579513549805,1061600
2017-03-03,95.5199966430664,95.5199966430664,94.26000213623047,94.91000366210938,13.67837142944336,1614600
2017-03-06,94.63999938964844,94.93000030517578,94.12999725341797,94.43000030517578,13.609196662902832,1275800
2017-03-07,93.9800033569336,94.76000213623047,93.81999969482422,94.2300033569336,13.580371856689453,1566300
2017-03-08,93.94999694824219,94.75,93.56999969482422,94.36000061035156,13.599105834960938,1056800
2017-03-09,94.76000213623047,94.98999786376953,94.19000244140625,94.58999633789062,13.632250785827637,1084700
2017-03-10,94.4800033569336,94.9000015258789,94.22000122070312,94.7300033569336,13.736660957336426,1694300
2017-03-13,94.55000305175781,94.93000030517578,94.19999694824219,94.70999908447266,13.733758926391602,950900
2017-03-14,94.52999877929688,95.38999938964844,94.5,94.6500015258789,13.725057601928711,864900
2017-03-15,94.76000213623047,96.43000030517578,94.51000213623047,96.12999725341797,13.93967056274414,1060900
2017-03-16,95.91999816894531,96.52999877929688,95.66999816894531,96.41000366210938,13.980276107788086,1765400
2017-03-17,96.51000213623047,96.5199966430664,95.55999755859375,95.58999633789062,13.861363410949707,1457600
2017-03-20,95.72000122070312,96.33000183105469,95.72000122070312,96.1500015258789,13.942571640014648,691800
2017-03-21,96.33999633789062,96.87999725341797,96.22000122070312,96.58000183105469,14.004926681518555,1240600
2017-03-22,96.9800033569336,97.38999938964844,96.37999725341797,96.9800033569336,14.0629301071167,1041700
2017-03-23,96.72000122070312,97.41999816894531,96.44000244140625,96.68000030517578,14.019427299499512,850800
2017-03-24,96.68000030517578,97.0999984741211,96.54000091552734,96.95999908447266,14.060028076171875,639000
2017-03-27,96.55999755859375,97.41000366210938,96.2300033569336,97.2300033569336,14.09918212890625,825500
2017-03-28,96.94000244140625,97.2699966430664,96.52999877929688,97.16999816894531,14.090479850769043,998200
2017-03-29,97.12000274658203,97.2300033569336,96.54000091552734,97.08999633789062,14.078879356384277,950200
2017-03-30,97.13999938964844,97.8499984741211,97.0,97.33999633789062,14.115133285522461,1049400
2017-03-31,97.41999816894531,98.16999816894531,97.22000122070312,97.91999816894531,14.199238777160645,1631800
2017-04-03,97.87999725341797,98.12999725341797,97.08999633789062,97.41000366210938,14.125284194946289,1087600
2017-04-04,97.16999816894531,97.75,96.80999755859375,97.55000305175781,14.145585060119629,816200
2017-04-05,97.2699966430664,97.58000183105469,96.55999755859375,96.91999816894531,14.054227828979492,1450100
2017-04-06,96.5199966430664,97.0,96.08999633789062,96.23999786376953,13.955622673034668,1110600
2017-04-07,96.33999633789062,96.72000122070312,96.20999908447266,96.55000305175781,14.00057601928711,983800
2017-04-10,96.69999694824219,97.25,96.16999816894531,97.08999633789062,14.078879356384277,939800
2017-04-11,96.98999786376953,97.18000030517578,96.72000122070312,97.12000274658203,14.083227157592773,708800
2017-04-12,96.72000122070312,97.63999938964844,96.5199966430664,97.27999877929688,14.106431007385254,884200
2017-04-13,97.20999908447266,97.80999755859375,97.01000213623047,97.20999908447266,14.096280097961426,648400
2017-04-17,97.41999816894531,98.1500015258789,97.41999816894531,98.1500015258789,14.232587814331055,511200
2017-04-18,98.18000030517578,99.47000122070312,97.87999725341797,98.87999725341797,14.338444709777832,968000
2017-04-19,98.87999725341797,99.02999877929688,98.2699966430664,98.41999816894531,14.271739959716797,730300
2017-04-20,98.37999725341797,98.47000122070312,98.0,98.08999633789062,14.223888397216797,937300
2017-04-21,98.20999908447266,98.48999786376953,97.93000030517578,97.97000122070312,14.206488609313965,1193000
2017-04-24,98.47000122070312,98.73999786376953,97.66000366210938,98.25,14.247087478637695,1288200
2017-04-25,97.94000244140625,98.68000030517578,97.80999755859375,98.41000366210938,14.270293235778809,1629700
2017-04-26,92.76000213623047,94.79000091552734,91.5,92.9800033569336,13.482895851135254,4481300
2017-04-27,93.13999938964844,93.45999908447266,91.93000030517578,92.16999816894531,13.365434646606445,2749500
2017-04-28,91.88999938964844,92.11000061035156,91.06999969482422,91.6500015258789,13.290035247802734,2669800
2017-05-01,91.66999816894531,91.69000244140625,90.77999877929688,90.87999725341797,13.178378105163574,1251600
2017-05-02,91.22000122070312,91.47000122070312,90.13999938964844,90.2300033569336,13.084122657775879,1559000
2017-05-03,90.25,90.95999908447266,89.87999725341797,90.83000183105469,13.171125411987305,1603200
2017-05-04,91.0999984741211,91.66999816894531,90.9000015258789,91.20999908447266,13.226227760314941,1349800
2017-05-05,91.16000366210938,91.68000030517578,91.0,91.20999908447266,13.226227760314941,896800
2017-05-08,91.0999984741211,91.44000244140625,90.61000061035156,91.08000183105469,13.207380294799805,1076300
2017-05-09,91.19000244140625,91.26000213623047,90.33000183105469,90.51000213623047,13.124723434448242,983800
2017-05-10,90.5999984741211,90.88999938964844,90.3499984741211,90.47000122070312,13.118922233581543,981300
2017-05-11,90.37000274658203,90.91999816894531,90.08000183105469,90.9000015258789,13.18127727508545,1147100
2017-05-12,90.5999984741211,91.0199966430664,90.30000305175781,90.3499984741211,13.101523399353027,592400
2017-05-15,90.36000061035156,91.41000366210938,90.36000061035156,91.08999633789062,13.208826065063477,1118100
2017-05-16,92.30999755859375,93.20999908447266,90.91000366210938,90.97000122070312,13.191427230834961,1469600
2017-05-17,90.97000122070312,91.0999984741211,90.25,90.31999969482422,13.097171783447266,1471200
2017-05-18,90.45999908447266,90.88999938964844,89.94000244140625,90.43000030517578,13.113121032714844,1391400
2017-05-19,90.69999694824219,91.3499984741211,90.27999877929688,90.91999816894531,13.184176445007324,1624000
2017-05-22,90.91999816894531,91.62000274658203,90.8499984741211,91.47000122070312,13.263931274414062,1084200
2017-05-23,91.6500015258789,92.47000122070312,91.55999755859375,91.9000015258789,13.326289176940918,912100
2017-05-24,92.2699966430664,93.62000274658203,91.9800033569336,93.27999877929688,13.526395797729492,1064500
2017-05-25,93.44999694824219,93.62000274658203,93.08999633789062,93.30000305175781,13.529298782348633,884900
2017-05-26,93.23999786376953,93.81999969482422,93.19000244140625,93.44999694824219,13.551047325134277,660800
2017-05-30,93.05000305175781,93.70999908447266,92.33000183105469,92.58999633789062,13.426340103149414,1166600
2017-05-31,92.83000183105469,93.33000183105469,92.47000122070312,92.80999755859375,13.458243370056152,1396800
2017-06-01,92.93000030517578,93.0199966430664,91.97000122070312,92.93000030517578,13.4756441116333,1056700
2017-06-02,93.0999984741211,93.29000091552734,92.4000015258789,92.83999633789062,13.462593078613281,1058900
2017-06-05,92.68000030517578,93.0999984741211,92.22000122070312,92.87999725341797,13.468392372131348,689900
2017-06-06,92.83000183105469,92.83000183105469,91.94000244140625,92.29000091552734,13.382840156555176,1149200
2017-06-07,92.62000274658203,93.87000274658203,92.38999938964844,93.5,13.55829906463623,1383200
2017-06-08,93.5,93.5,91.56999969482422,92.0999984741211,13.355286598205566,1281100
2017-06-09,92.04000091552734,92.33000183105469,91.0,91.4000015258789,13.253782272338867,1175400
2017-06-12,91.12000274658203,92.80000305175781,91.12000274658203,92.66000366210938,13.52230167388916,1279500
2017-06-13,92.58000183105469,93.13999938964844,91.91000366210938,92.91000366210938,13.558786392211914,1059900
2017-06-14,93.43000030517578,94.31999969482422,93.02999877929688,93.73999786376953,13.679911613464355,1561600
2017-06-15,93.33999633789062,93.86000061035156,92.93000030517578,93.77999877929688,13.685748100280762,895000
2017-06-16,93.69999694824219,93.73999786376953,93.08999633789062,93.26000213623047,13.609864234924316,1718000
2017-06-19,93.52999877929688,95.70999908447266,92.69000244140625,95.52999877929688,13.941132545471191,2439200
2017-06-20,95.51000213623047,96.75,95.19999694824219,96.05999755859375,14.018477439880371,2357800
2017-06-21,95.80999755859375,96.16999816894531,95.20999908447266,95.77999877929688,13.977617263793945,1324900
2017-06-22,94.83999633789062,94.97000122070312,92.26000213623047,92.30000305175781,13.469765663146973,2252300
2017-06-23,92.25,93.2699966430664,92.01000213623047,92.91000366210938,13.558786392211914,2817200
2017-06-26,93.26000213623047,93.76000213623047,92.68000030517578,92.91999816894531,13.560246467590332,1108700
2017-06-27,92.62000274658203,92.69999694824219,91.38999938964844,91.62999725341797,13.371987342834473,895100
2017-06-28,92.02999877929688,92.79000091552734,91.81999969482422,92.22000122070312,13.458090782165527,1197100
2017-06-29,91.9800033569336,92.0199966430664,90.69999694824219,90.9000015258789,13.26545524597168,853500
2017-06-30,91.26000213623047,91.69999694824219,91.0999984741211,91.11000061035156,13.296104431152344,748900
2017-07-03,91.5999984741211,91.87999725341797,91.2300033569336,91.5,13.35301685333252,405400
2017-07-05,91.27999877929688,91.27999877929688,89.55000305175781,89.7699966430664,13.10054874420166,1453600
2017-07-06,89.55999755859375,89.81999969482422,88.94999694824219,89.06999969482422,12.998394966125488,1336400
2017-07-07,89.44000244140625,89.6500015258789,88.94999694824219,89.26000213623047,13.026124954223633,1034400
2017-07-10,89.29000091552734,89.55999755859375,88.80999755859375,89.20999908447266,13.018827438354492,981300
2017-07-11,89.44999694824219,89.58999633789062,88.66000366210938,88.7300033569336,12.94877815246582,1165400
2017-07-12,89.30999755859375,89.66999816894531,88.9000015258789,89.27999877929688,13.029041290283203,884600
2017-07-13,89.5,89.76000213623047,89.05000305175781,89.44999694824219,13.053851127624512,992700
2017-07-14,89.25,90.69000244140625,89.25,90.31999969482422,13.180815696716309,937400
2017-07-17,90.23999786376953,90.70999908447266,90.05000305175781,90.27999877929688,13.174975395202637,754200
2017-07-18,90.29000091552734,91.23999786376953,89.87999725341797,90.97000122070312,13.275671005249023,1243400
2017-07-19,90.95999908447266,91.73999786376953,90.83000183105469,91.4000015258789,13.338424682617188,1252500
2017-07-20,91.5199966430664,91.69000244140625,91.08000183105469,91.26000213623047,13.3179931640625,991400
2017-07-21,91.19000244140625,91.58000183105469,91.08999633789062,91.37999725341797,13.335505485534668,1356700
2017-07-24,91.55000305175781,92.0999984741211,91.2699966430664,91.5,13.35301685333252,1083400
2017-07-25,91.8499984741211,92.08999633789062,91.43000030517578,91.88999938964844,13.409933090209961,1048800
2017-07-26,91.9000015258789,92.44999694824219,91.63999938964844,92.1500015258789,13.447877883911133,1339000
2017-07-27,91.52999877929688,93.7699966430664,91.1500015258789,92.02999877929688,13.430360794067383,2308300
2017-07-28,91.91000366210938,92.05000305175781,90.37000274658203,90.83999633789062,13.256699562072754,1498100
2017-07-31,90.66999816894531,91.36000061035156,90.4000015258789,91.16000366210938,13.303400993347168,1358200
2017-08-01,91.37000274658203,91.7699966430664,91.0,91.05000305175781,13.287347793579102,867800
2017-08-02,90.91000366210938,91.47000122070312,90.36000061035156,90.98999786376953,13.27858829498291,955100
2017-08-03,91.06999969482422,91.58000183105469,90.76000213623047,90.86000061035156,13.25961971282959,922200
2017-08-04,91.05000305175781,91.13999938964844,89.87000274658203,90.66000366210938,13.23043155670166,1257600
2017-08-07,90.72000122070312,91.23999786376953,90.25,91.05999755859375,13.288804054260254,564600
2017-08-08,90.98999786376953,91.19000244140625,90.19000244140625,90.30999755859375,13.179357528686523,969600
2017-08-09,90.30000305175781,90.41999816894531,89.4000015258789,90.31999969482422,13.180815696716309,1068900
2017-08-10,90.19000244140625,90.77999877929688,89.80999755859375,90.37999725341797,13.189570426940918,866300
2017-08-11,89.9800033569336,91.13999938964844,89.9800033569336,90.37999725341797,13.189570426940918,615400
2017-08-14,90.83000183105469,91.44999694824219,90.44000244140625,91.29000091552734,13.322371482849121,652800
2017-08-15,91.41000366210938,92.13999938964844,91.12000274658203,91.97000122070312,13.421606063842773,436800
2017-08-16,91.94999694824219,92.6500015258789,91.94999694824219,92.44000244140625,13.49019718170166,595600
2017-08-17,92.33000183105469,92.86000061035156,91.58000183105469,91.72000122070312,13.385120391845703,1055700
2017-08-18,91.6500015258789,91.66000366210938,90.55000305175781,91.08000183105469,13.291725158691406,1226600
2017-08-21,91.12000274658203,91.66000366210938,90.8499984741211,91.4000015258789,13.338424682617188,562800
2017-08-22,91.37999725341797,92.01000213623047,91.29000091552734,91.93000030517578,13.415770530700684,794600
2017-08-23,91.56999969482422,91.94000244140625,91.12000274658203,91.12999725341797,13.29902172088623,851200
2017-08-24,91.13999938964844,91.27999877929688,89.8499984741211,89.95999908447266,13.128276824951172,967500
2017-08-25,90.56999969482422,90.97000122070312,90.30999755859375,90.33999633789062,13.183733940124512,934300
2017-08-28,90.56999969482422,90.91000366210938,90.33000183105469,90.33999633789062,13.183733940124512,1198400
2017-08-29,90.30000305175781,90.9000015258789,90.04000091552734,90.4000015258789,13.192489624023438,868600
2017-08-30,90.30000305175781,90.80000305175781,89.86000061035156,90.79000091552734,13.249405860900879,740200
2017-08-31,90.79000091552734,91.27999877929688,90.66000366210938,91.05000305175781,13.287347793579102,1064000
2017-09-01,91.23999786376953,91.76000213623047,90.88999938964844,91.72000122070312,13.385120391845703,772600
2017-09-05,91.5999984741211,91.86000061035156,91.22000122070312,91.81999969482422,13.399715423583984,1068700
2017-09-06,91.83000183105469,92.23999786376953,91.41000366210938,92.08000183105469,13.437655448913574,1006700
2017-09-07,92.08999633789062,92.36000061035156,91.8499984741211,92.08999633789062,13.439117431640625,953000
2017-09-08,92.05000305175781,92.05000305175781,91.38999938964844,91.5199966430664,13.35593318939209,978600
2017-09-11,91.70999908447266,92.2300033569336,91.55999755859375,92.11000061035156,13.442036628723145,668400
2017-09-12,92.12999725341797,92.69000244140625,91.94999694824219,92.23999786376953,13.461007118225098,695900
2017-09-13,91.68000030517578,92.18000030517578,91.55000305175781,91.7300033569336,13.471290588378906,1083400
2017-09-14,91.66999816894531,92.01000213623047,91.22000122070312,91.58999633789062,13.450728416442871,817400
2017-09-15,91.66000366210938,91.87000274658203,91.37000274658203,91.54000091552734,13.443385124206543,1672900
2017-09-18,91.62999725341797,92.0,91.30000305175781,91.97000122070312,13.506535530090332,801500
2017-09-19,91.87000274658203,92.0,91.58999633789062,91.80000305175781,13.481569290161133,969200
2017-09-20,91.44999694824219,91.76000213623047,90.94999694824219,91.68000030517578,13.463944435119629,1055900
2017-09-21,90.47000122070312,91.0,89.19000244140625,89.5,13.143795013427734,2640900
2017-09-22,89.31999969482422,89.75,88.30999755859375,88.73999786376953,13.032182693481445,1360900
2017-09-25,88.6500015258789,88.69999694824219,87.55000305175781,87.94000244140625,12.914693832397461,1366200
2017-09-26,87.69999694824219,88.9000015258789,87.56999969482422,88.70999908447266,13.027777671813965,1352300
2017-09-27,88.54000091552734,88.58000183105469,87.27999877929688,87.6500015258789,12.872105598449707,1306100
2017-09-28,87.47000122070312,88.56999969482422,87.36000061035156,88.36000061035156,12.976377487182617,1283200
2017-09-29,88.43000030517578,89.20999908447266,88.37000274658203,88.47000122070312,12.992533683776855,1429000
2017-10-02,88.51000213623047,88.51000213623047,87.13999938964844,87.66999816894531,12.875043869018555,1173900
2017-10-03,87.80999755859375,87.8499984741211,86.98999786376953,87.12999725341797,12.795740127563477,1542300
2017-10-04,87.02999877929688,87.79000091552734,86.41999816894531,87.68000030517578,12.876513481140137,1602000
2017-10-05,88.08999633789062,88.58000183105469,87.87999725341797,87.93000030517578,12.913228034973145,1019700
2017-10-06,87.76000213623047,88.33999633789062,87.63999938964844,88.26000213623047,12.961690902709961,834700
2017-10-09,88.29000091552734,88.44000244140625,87.73999786376953,88.05999755859375,12.932320594787598,1083900
2017-10-10,88.27999877929688,89.12999725341797,88.16000366210938,88.61000061035156,13.013092041015625,1073400
2017-10-11,88.62999725341797,89.13999938964844,88.45999908447266,88.80000305175781,13.040996551513672,907100
2017-10-12,88.73999786376953,89.11000061035156,88.37999725341797,89.05999755859375,13.079176902770996,990700
2017-10-13,89.1500015258789,89.69999694824219,88.95999908447266,89.25,13.10708236694336,936700
2017-10-16,89.16999816894531,89.66000366210938,88.77999877929688,89.62999725341797,13.162886619567871,1054300
2017-10-17,89.44000244140625,89.58999633789062,88.94999694824219,89.37000274658203,13.12470531463623,680000
2017-10-18,89.29000091552734,89.5999984741211,88.95999908447266,89.1500015258789,13.092395782470703,774700
2017-10-19,89.12999725341797,89.45999908447266,88.97000122070312,89.30999755859375,13.11589241027832,1058600
2017-10-20,89.37999725341797,89.47000122070312,88.80999755859375,89.02999877929688,13.074769020080566,1057900
2017-10-23,91.41999816894531,91.5,89.94000244140625,90.33000183105469,13.265687942504883,1407300
2017-10-24,90.1500015258789,90.33999633789062,89.33000183105469,89.70999908447266,13.174633979797363,1273800
2017-10-25,81.69999694824219,86.69999694824219,81.69999694824219,85.5199966430664,12.55929946899414,4420400
2017-10-26,85.93000030517578,87.54000091552734,85.44999694824219,86.45999908447266,12.697347640991211,2516600
2017-10-27,86.27999877929688,86.91999816894531,85.5999984741211,85.75,12.593076705932617,1469200
2017-10-30,85.77999877929688,85.98999786376953,84.94999694824219,85.05000305175781,12.490276336669922,1567800
2017-10-31,85.5199966430664,86.22000122070312,85.27999877929688,85.66000366210938,12.57985782623291,1581300
2017-11-01,86.0199966430664,86.66000366210938,85.56999969482422,85.88999938964844,12.61363697052002,1341200
2017-11-02,86.04000091552734,86.4000015258789,84.69000244140625,85.33999633789062,12.532864570617676,1261000
2017-11-03,85.58000183105469,86.05000305175781,85.41999816894531,85.62000274658203,12.573986053466797,1300500
2017-11-06,85.3499984741211,85.36000061035156,84.4000015258789,84.47000122070312,12.405098915100098,1477400
2017-11-07,84.26000213623047,85.3499984741211,84.06999969482422,84.4800033569336,12.406566619873047,1874800
2017-11-08,84.93000030517578,85.80999755859375,84.45999908447266,85.61000061035156,12.572517395019531,1116900
2017-11-09,85.48999786376953,86.2699966430664,85.22000122070312,85.69000244140625,12.584267616271973,791100
2017-11-10,85.72000122070312,86.54000091552734,85.5,86.31999969482422,12.676787376403809,767200
2017-11-13,86.37999725341797,87.45999908447266,86.37999725341797,87.02999877929688,12.781057357788086,1145800
2017-11-14,86.91000366210938,88.19999694824219,86.58999633789062,87.81999969482422,12.897074699401855,1370200
2017-11-15,87.80999755859375,88.25,87.16999816894531,87.33000183105469,12.825112342834473,958700
2017-11-16,87.55000305175781,87.81999969482422,87.05000305175781,87.12000274658203,12.794275283813477,799300
2017-11-17,86.80999755859375,87.29000091552734,86.54000091552734,87.26000213623047,12.81483268737793,668400
2017-11-20,87.27999877929688,87.75,86.80999755859375,87.2300033569336,12.810426712036133,706100
2017-11-21,87.30999755859375,87.94999694824219,86.94999694824219,87.02999877929688,12.781057357788086,942200
2017-11-22,86.91999816894531,87.02999877929688,85.91000366210938,86.4000015258789,12.68853759765625,652200
2017-11-24,86.72000122070312,87.13999938964844,86.45999908447266,86.55999755859375,12.712032318115234,312600
2017-11-27,86.7300033569336,87.48999786376953,86.41000366210938,86.91000366210938,12.763433456420898,834200
2017-11-28,87.1500015258789,87.63999938964844,86.41999816894531,87.62000274658203,12.86770248413086,892200
2017-11-29,87.48999786376953,89.56999969482422,87.2699966430664,89.45999908447266,13.137921333312988,1411300
2017-11-30,89.5199966430664,90.3499984741211,89.36000061035156,90.19000244140625,13.245125770568848,2154400
2017-12-01,90.37000274658203,90.44999694824219,88.83999633789062,90.26000213623047,13.255407333374023,1497200
2017-12-04,90.52999877929688,93.29000091552734,90.33000183105469,93.0999984741211,13.67248249053955,1429900
2017-12-05,93.19999694824219,94.1500015258789,93.12999725341797,93.5,13.731228828430176,1731300
2017-12-06,93.52999877929688,95.04000091552734,93.52999877929688,94.94999694824219,13.944169044494629,1499600
2017-12-07,94.58000183105469,94.9000015258789,93.44999694824219,94.0999984741211,13.819341659545898,1323900
2017-12-08,93.95999908447266,94.18000030517578,92.77999877929688,94.1500015258789,13.826685905456543,1036500
2017-12-11,94.02999877929688,94.55000305175781,93.0,94.5199966430664,13.881022453308105,721600
2017-12-12,94.25,95.06999969482422,93.63999938964844,94.16000366210938,13.828153610229492,1175800
2017-12-13,93.33000183105469,94.01000213623047,92.73999786376953,93.76000213623047,13.854752540588379,1201200
2017-12-14,93.73999786376953,94.0,92.97000122070312,92.9800033569336,13.739493370056152,1244800
2017-12-15,93.5,93.98999786376953,93.12999725341797,93.91999816894531,13.878395080566406,1447200
2017-12-18,94.31999969482422,95.19999694824219,94.06999969482422,94.16000366210938,13.913858413696289,1342200
2017-12-19,94.25,94.79000091552734,93.44999694824219,94.2300033569336,13.92420482635498,1787600
2017-12-20,94.33999633789062,96.16000366210938,94.30000305175781,95.9800033569336,14.1827974319458,2447800
2017-12-21,95.9800033569336,96.44000244140625,95.7300033569336,95.80000305175781,14.15619945526123,1576500
2017-12-22,96.23999786376953,96.4000015258789,95.66999816894531,96.12000274658203,14.203483581542969,867000
2017-12-26,96.33000183105469,96.97000122070312,96.05000305175781,96.33000183105469,14.234517097473145,791000
2017-12-27,96.6500015258789,97.04000091552734,96.33000183105469,97.0199966430664,14.336475372314453,647100
2017-12-28,97.08000183105469,97.23999786376953,96.5199966430664,96.88999938964844,14.317266464233398,902100
2017-12-29,97.08999633789062,97.83999633789062,96.70999908447266,97.05999755859375,14.342386245727539,1075800
2018-01-02,97.37000274658203,97.37000274658203,95.20999908447266,95.2699966430664,14.077880859375,1763900
2018-01-03,95.18000030517578,95.61000061035156,94.79000091552734,95.31999969482422,14.085271835327148,1202300
2018-01-04,95.36000061035156,96.4800033569336,95.36000061035156,95.7699966430664,14.15176773071289,1256500
2018-01-05,95.93000030517578,96.0,95.16000366210938,95.5,14.111868858337402,1036200
2018-01-08,95.62000274658203,95.98999786376953,95.19999694824219,95.68000030517578,14.138463973999023,1043800
2018-01-09,95.7699966430664,95.9800033569336,95.23999786376953,95.5199966430664,14.114823341369629,897500
2018-01-10,95.37000274658203,95.80000305175781,94.61000061035156,95.66999816894531,14.136987686157227,1007100
2018-01-11,95.61000061035156,96.16000366210938,95.37999725341797,95.63999938964844,14.132555961608887,950900
2018-01-12,95.7699966430664,95.7699966430664,95.18000030517578,95.23999786376953,14.07344913482666,853200
2018-01-16,95.5,95.63999938964844,94.81999969482422,94.91000366210938,14.024687767028809,1462300
2018-01-17,95.38999938964844,96.44999694824219,95.05999755859375,95.9000015258789,14.170975685119629,1051100
2018-01-18,95.86000061035156,95.97000122070312,94.86000061035156,95.31999969482422,14.085271835327148,1386200
2018-01-19,95.7699966430664,96.98999786376953,95.6500015258789,96.3499984741211,14.237469673156738,1117400
2018-01-22,96.3499984741211,96.80000305175781,96.26000213623047,96.76000213623047,14.298055648803711,613200
2018-01-23,96.72000122070312,97.23999786376953,96.16000366210938,96.7300033569336,14.293622970581055,705100
2018-01-24,96.7300033569336,96.7300033569336,95.80999755859375,95.95999908447266,14.179842948913574,1050500
2018-01-25,96.08999633789062,96.16000366210938,95.44000244140625,95.69000244140625,14.139944076538086,1099000
2018-01-26,95.44999694824219,95.91999816894531,95.19000244140625,95.6500015258789,14.134033203125,1156200
2018-01-29,126.58000183105469,126.6500015258789,116.91000366210938,117.06999969482422,17.299226760864258,24777100
2018-01-30,116.94999694824219,119.5,116.83000183105469,119.0,17.584421157836914,5333600
2018-01-31,119.2300033569336,120.48999786376953,118.91000366210938,119.3499984741211,17.636144638061523,5963400
2018-02-01,119.0999984741211,120.58000183105469,119.0999984741211,120.0999984741211,17.746965408325195,5438200
2018-02-02,119.55999755859375,119.94000244140625,118.70999908447266,118.70999908447266,17.541566848754883,4400500
2018-02-05,118.44999694824219,119.23999786376953,118.0199966430664,118.33000183105469,17.48541831970215,3820600
2018-02-06,117.5,119.58000183105469,117.48999786376953,118.3499984741211,17.488374710083008,4319800
2018-02-07,118.37999725341797,119.1500015258789,118.0,118.0,17.436655044555664,2981800
2018-02-08,118.22000122070312,118.4000015258789,116.93000030517578,116.93000030517578,17.278541564941406,3424000
2018-02-09,117.11000061035156,117.80000305175781,116.25,116.70999908447266,17.246030807495117,3014600
2018-02-12,116.94999694824219,117.66000366210938,116.5,116.73999786376953,17.250469207763672,2754500
2018-02-13,116.2699966430664,116.93000030517578,115.9000015258789,115.94999694824219,17.13372802734375,2692600
2018-02-14,115.76000213623047,116.63999938964844,114.79000091552734,114.91000366210938,16.980052947998047,2768800
2018-02-15,115.0,116.2300033569336,114.76000213623047,115.51000213623047,17.06871223449707,2145600
2018-02-16,115.1500015258789,116.5,114.80000305175781,115.12000274658203,17.011079788208008,2677200
2018-02-20,115.0999984741211,116.44000244140625,114.63999938964844,116.05999755859375,17.149980545043945,2065700
2018-02-21,115.79000091552734,116.48999786376953,115.37999725341797,115.37999725341797,17.049501419067383,1608700
2018-02-22,115.25,115.69000244140625,114.44999694824219,114.80999755859375,16.96527099609375,2699200
2018-02-23,115.13999938964844,115.5,114.91999816894531,115.37000274658203,17.048025131225586,2055100
2018-02-26,115.0999984741211,116.12000274658203,115.0999984741211,115.95999908447266,17.13520622253418,2097100
2018-02-27,116.08999633789062,116.30999755859375,115.19000244140625,116.30000305175781,17.18544578552246,1966400
2018-02-28,116.5,116.58999633789062,115.30999755859375,116.25,17.17806053161621,1690300
2018-03-01,116.0,116.70999908447266,115.38999938964844,116.44000244140625,17.20613670349121,1809300
2018-03-02,115.91000366210938,116.47000122070312,115.0,116.23999786376953,17.176584243774414,2608400
2018-03-05,116.22000122070312,116.30999755859375,115.33000183105469,115.91000366210938,17.127817153930664,1554400
2018-03-06,115.73999786376953,116.30000305175781,115.3499984741211,116.12000274658203,17.158855438232422,2049500
2018-03-07,115.72000122070312,116.72000122070312,115.63999938964844,116.30000305175781,17.18544578552246,2356000
2018-03-08,115.25,117.48999786376953,115.01000213623047,117.3499984741211,17.34060287475586,3831400
2018-03-09,117.44999694824219,118.44000244140625,116.80000305175781,117.94999694824219,17.429264068603516,1537300
2018-03-12,118.1500015258789,118.62000274658203,117.54000091552734,117.58999633789062,17.376070022583008,3486100
2018-03-13,117.98999786376953,118.20999908447266,117.56999969482422,117.6500015258789,17.38493537902832,3976100
2018-03-14,117.55000305175781,118.12000274658203,117.36000061035156,117.80999755859375,17.408578872680664,2876700
2018-03-15,117.81999969482422,118.18000030517578,116.7699966430664,117.2699966430664,17.328781127929688,1408200
2018-03-16,117.5,118.0199966430664,116.83999633789062,117.5999984741211,17.37755012512207,1643900
2018-03-19,118.0,118.5,117.62000274658203,118.36000061035156,17.489850997924805,3178000
2018-03-20,118.05000305175781,118.5,117.55999755859375,118.4000015258789,17.58191680908203,1479900
2018-03-21,118.25,118.41999816894531,117.73999786376953,118.0,17.522518157958984,992900
2018-03-22,117.79000091552734,118.2300033569336,117.5,118.0199966430664,17.525489807128906,1581700
2018-03-23,117.91999816894531,118.25,117.7300033569336,117.94999694824219,17.515092849731445,1370500
2018-03-26,118.2699966430664,118.5,117.94999694824219,118.41999816894531,17.58488655090332,596200
2018-03-27,118.2699966430664,118.3499984741211,117.8499984741211,118.27999877929688,17.56410026550293,1216700
2018-03-28,118.44000244140625,118.97000122070312,118.11000061035156,118.36000061035156,17.575977325439453,1137400
2018-03-29,118.5,118.9000015258789,118.19999694824219,118.37999725341797,17.578948974609375,1417800
2018-04-02,118.47000122070312,118.76000213623047,117.76000213623047,118.0999984741211,17.537372589111328,1231500
2018-04-03,118.08999633789062,118.47000122070312,117.68000030517578,118.19000244140625,17.550731658935547,1233500
2018-04-04,118.13999938964844,118.62999725341797,117.83000183105469,118.41999816894531,17.58488655090332,1072200
2018-04-05,118.4800033569336,118.88999938964844,118.12000274658203,118.6500015258789,17.619041442871094,882100
2018-04-06,118.54000091552734,119.19999694824219,118.29000091552734,118.5999984741211,17.611616134643555,904200
2018-04-09,118.58000183105469,120.25,118.41000366210938,119.5,17.745264053344727,2765700
2018-04-10,119.80000305175781,120.69999694824219,119.55999755859375,120.33999633789062,17.869998931884766,1489800
2018-04-11,120.0,120.8499984741211,119.7699966430664,120.52999877929688,17.898216247558594,906800
2018-04-12,120.8499984741211,120.98999786376953,120.26000213623047,120.75,17.93088150024414,640900
2018-04-13,120.75,121.16999816894531,120.33999633789062,120.80999755859375,17.939788818359375,1200500
2018-04-16,120.37000274658203,121.23999786376953,120.11000061035156,121.04000091552734,17.973947525024414,1233400
2018-04-17,121.06999969482422,121.19000244140625,120.19000244140625,120.66999816894531,17.919002532958984,1131300
2018-04-18,120.41000366210938,120.83000183105469,119.87999725341797,119.95999908447266,17.813570022583008,1162600
2018-04-19,119.6500015258789,120.55999755859375,119.06999969482422,120.44000244140625,17.884849548339844,1496400
2018-04-20,120.83999633789062,121.2699966430664,119.98999786376953,120.31999969482422,17.867029190063477,1611900
2018-04-23,120.56999969482422,120.73999786376953,119.86000061035156,119.87999725341797,17.801687240600586,702700
2018-04-24,120.02999877929688,120.2300033569336,118.76000213623047,118.80000305175781,17.641315460205078,1314700
2018-04-25,118.25,119.79000091552734,118.2300033569336,119.69000244140625,17.77347755432129,1624300
2018-04-26,119.44999694824219,120.13999938964844,118.9000015258789,119.80999755859375,17.79129981994629,1277600
2018-04-27,119.5,120.44999694824219,119.5,119.95999908447266,17.813570022583008,759100
2018-04-30,119.97000122070312,120.66000366210938,119.93000030517578,119.95999908447266,17.813570022583008,1477300
2018-05-01,119.6500015258789,120.26000213623047,119.30999755859375,120.11000061035156,17.835844039916992,684400
2018-05-02,119.91999816894531,119.91999816894531,119.16999816894531,119.37999725341797,17.727441787719727,1046700
2018-05-03,119.2300033569336,119.54000091552734,118.54000091552734,118.80000305175781,17.641315460205078,1405900
2018-05-04,118.73999786376953,119.27999877929688,118.61000061035156,118.70999908447266,17.627954483032227,743000
2018-05-07,118.55000305175781,119.38999938964844,118.55000305175781,119.08999633789062,17.684377670288086,746200
2018-05-08,117.7699966430664,119.4800033569336,117.51000213623047,119.45999908447266,17.73932456970215,825900
2018-05-09,119.3499984741211,120.30000305175781,119.13999938964844,119.91999816894531,17.807632446289062,591000
2018-05-10,119.91999816894531,119.91999816894531,118.8499984741211,119.61000061035156,17.7615966796875,905900
2018-05-11,119.62999725341797,120.1500015258789,119.20999908447266,119.36000061035156,17.72447395324707,1092300
2018-05-14,119.87999725341797,119.95999908447266,119.25,119.69999694824219,17.774965286254883,1210400
2018-05-15,119.55000305175781,119.69000244140625,118.91000366210938,119.37000274658203,17.72595977783203,891500
2018-05-16,119.27999877929688,119.62000274658203,119.0199966430664,119.02999877929688,17.675472259521484,748800
2018-05-17,119.4000015258789,119.6500015258789,118.66000366210938,119.37999725341797,17.727441787719727,628200
2018-05-18,119.4000015258789,119.58999633789062,119.05999755859375,119.47000122070312,17.74080467224121,987800
2018-05-21,119.45999908447266,119.94999694824219,119.27999877929688,119.7300033569336,17.7794189453125,445500
2018-05-22,119.69999694824219,120.25,119.62999725341797,119.9000015258789,17.804662704467773,798900
2018-05-23,119.95999908447266,120.66999816894531,119.68000030517578,120.23999786376953,17.85515022277832,1348000
2018-05-24,120.19000244140625,120.68000030517578,119.95999908447266,120.37000274658203,17.874454498291016,1040900
2018-05-25,120.2699966430664,120.75,120.2699966430664,120.36000061035156,17.872970581054688,558400
2018-05-29,120.05000305175781,120.55000305175781,119.52999877929688,119.88999938964844,17.803176879882812,513200
2018-05-30,119.76000213623047,121.0,119.76000213623047,120.62999725341797,17.913063049316406,977200
2018-05-31,120.2300033569336,120.48999786376953,118.75,119.30000305175781,17.715566635131836,2962000
2018-06-01,119.94000244140625,120.2300033569336,119.30000305175781,119.91999816894531,17.807632446289062,670900
2018-06-04,119.93000030517578,120.25,119.37000274658203,120.20999908447266,17.850696563720703,561300
2018-06-05,120.08000183105469,120.1500015258789,119.58000183105469,120.12000274658203,17.837329864501953,578600
2018-06-06,119.9000015258789,120.26000213623047,119.75,120.26000213623047,17.85811996459961,613300
2018-06-07,119.94999694824219,120.33999633789062,119.8499984741211,120.20999908447266,17.850696563720703,1024200
2018-06-08,120.25,120.73999786376953,120.08000183105469,120.5199966430664,17.896730422973633,772100
2018-06-11,120.51000213623047,120.69999694824219,120.04000091552734,120.58999633789062,17.907123565673828,1725200
2018-06-12,120.54000091552734,120.91999816894531,120.25,120.79000091552734,17.936824798583984,1271600
2018-06-13,120.79000091552734,120.86000061035156,120.48999786376953,120.48999786376953,17.892276763916016,1170400
2018-06-14,120.33000183105469,120.87999725341797,119.98999786376953,120.62999725341797,17.913063049316406,1520700
2018-06-15,120.62000274658203,121.62000274658203,120.0999984741211,121.5,18.042259216308594,1798800
2018-06-18,121.19999694824219,121.97000122070312,121.05000305175781,121.80000305175781,18.08680534362793,888000
2018-06-19,120.6500015258789,121.9000015258789,120.41000366210938,121.79000091552734,18.085315704345703,1682600
2018-06-20,121.45999908447266,122.01000213623047,121.16999816894531,122.0,18.116500854492188,3205200
2018-06-21,122.38999938964844,122.5,121.94000244140625,122.1500015258789,18.138776779174805,1538900
2018-06-22,122.08000183105469,124.11000061035156,121.87000274658203,122.37000274658203,18.171449661254883,3217200
2018-06-25,121.95999908447266,122.44999694824219,121.8499984741211,121.91999816894531,18.1046199798584,2045000
2018-06-26,121.30000305175781,121.38999938964844,120.13999938964844,120.26000213623047,17.85811996459961,8622700
2018-06-27,120.0999984741211,120.22000122070312,119.11000061035156,119.4000015258789,17.730411529541016,7416000
2018-06-28,119.41000366210938,120.52999877929688,118.81999969482422,120.0,17.819509506225586,8349900
2018-06-29,120.0,122.5999984741211,119.75,122.0,18.116500854492188,35327600
2018-07-02,121.31999969482422,123.75,121.31999969482422,123.68000030517578,18.36598014831543,5890300
2018-07-03,123.62999725341797,123.62999725341797,122.5999984741211,123.22000122070312,18.29766845703125,2394800
2018-07-05,123.25,123.97000122070312,123.01000213623047,123.80999755859375,18.385282516479492,5845800
2018-07-06,123.94999694824219,124.36000061035156,122.54000091552734,122.91999816894531,18.25312042236328,21284300
2018-07-09,123.36000061035156,123.7699966430664,122.43000030517578,123.66000366210938,18.363008499145508,5536500
2018-07-10,20.5,22.389999389648438,20.459999084472656,22.190000534057617,20.46584701538086,23632300
2018-07-11,21.850000381469727,24.399999618530273,21.850000381469727,24.0,22.135210037231445,27790000
2018-07-12,24.049999237060547,25.25,24.040000915527344,25.0,23.05750846862793,12286100
2018-07-13,24.860000610351562,24.950000762939453,23.829999923706055,24.25,22.36578369140625,9054000
2018-07-16,24.829999923706055,25.0,24.559999465942383,24.799999237060547,22.873050689697266,9641300
2018-07-17,24.899999618530273,25.079999923706055,24.770000457763672,24.959999084472656,23.020614624023438,4252800
2018-07-18,25.030000686645508,25.030000686645508,24.530000686645508,24.790000915527344,22.86382484436035,6206800
2018-07-19,24.770000457763672,24.790000915527344,24.229999542236328,24.43000030517578,22.53179359436035,4559300
2018-07-20,24.75,24.809999465942383,24.34000015258789,24.56999969482422,22.660917282104492,6106800
2018-07-23,24.600000381469727,24.860000610351562,24.260000228881836,24.280000686645508,22.393451690673828,3204200
2018-07-24,24.329999923706055,24.440000534057617,24.170000076293945,24.309999465942383,22.42112159729004,3491000
2018-07-25,24.639999389648438,24.729999542236328,24.329999923706055,24.329999923706055,22.4395694732666,4131500
2018-07-26,24.459999084472656,24.719999313354492,24.360000610351562,24.520000457763672,22.61480712890625,2595900
2018-07-27,24.450000762939453,24.479999542236328,24.059999465942383,24.15999984741211,22.282777786254883,2101900
2018-07-30,24.200000762939453,24.299999237060547,23.969999313354492,23.989999771118164,22.125986099243164,2445300
2018-07-31,23.959999084472656,24.06999969482422,23.809999465942383,24.010000228881836,22.144433975219727,2242700
2018-08-01,24.06999969482422,24.329999923706055,23.8799991607666,24.200000762939453,22.31966781616211,2317900
2018-08-02,24.280000686645508,24.3700008392334,23.860000610351562,23.889999389648438,22.03375816345215,1716400
2018-08-03,24.030000686645508,24.15999984741211,23.809999465942383,24.040000915527344,22.172100067138672,2762100
2018-08-06,24.15999984741211,24.15999984741211,23.84000015258789,23.93000030517578,22.070648193359375,1560000
2018-08-07,23.899999618530273,23.899999618530273,23.709999084472656,23.860000610351562,22.006088256835938,1825000
2018-08-08,24.010000228881836,24.389999389648438,23.649999618530273,23.670000076293945,21.830848693847656,2592600
2018-08-09,23.770000457763672,23.969999313354492,23.600000381469727,23.8700008392334,22.01531410217285,2463900
2018-08-10,23.850000381469727,23.850000381469727,23.600000381469727,23.700000762939453,21.8585205078125,1229300
2018-08-13,23.8700008392334,23.989999771118164,23.709999084472656,23.760000228881836,21.913860321044922,1911500
2018-08-14,23.399999618530273,23.739999771118164,23.360000610351562,23.610000610351562,21.775514602661133,2982500
2018-08-15,23.5,23.59000015258789,23.299999237060547,23.350000381469727,21.535715103149414,2984100
2018-08-16,23.450000762939453,23.670000076293945,23.399999618530273,23.59000015258789,21.757068634033203,2637700
2018-08-17,23.479999542236328,23.639999389648438,23.34000015258789,23.6299991607666,21.793956756591797,2071000
2018-08-20,23.459999084472656,23.639999389648438,23.31999969482422,23.350000381469727,21.535715103149414,4296500
2018-08-21,23.43000030517578,23.469999313354492,22.899999618530273,23.0,21.212909698486328,2026700
2018-08-22,23.020000457763672,23.40999984741211,22.90999984741211,23.1200008392334,21.323585510253906,2440200
2018-08-23,23.239999771118164,23.459999084472656,23.15999984741211,23.200000762939453,21.39737319946289,1964700
2018-08-24,23.440000534057617,23.440000534057617,23.270000457763672,23.389999389648438,21.572603225708008,1827500
2018-08-27,23.309999465942383,23.389999389648438,23.079999923706055,23.100000381469727,21.305139541625977,1608300
2018-08-28,23.1299991607666,23.18000030517578,22.760000228881836,22.940000534057617,21.15757179260254,1886300
2018-08-29,22.90999984741211,23.030000686645508,22.75,22.799999237060547,21.028446197509766,2046200
2018-08-30,23.0,23.239999771118164,22.920000076293945,23.0,21.212909698486328,2271800
2018-08-31,23.040000915527344,23.100000381469727,22.739999771118164,22.799999237060547,21.028446197509766,1944100
2018-09-04,22.790000915527344,23.110000610351562,22.639999389648438,22.649999618530273,20.890104293823242,3779700
2018-09-05,22.610000610351562,23.170000076293945,22.510000228881836,22.950000762939453,21.16679573059082,5158000
2018-09-06,23.059999465942383,23.09000015258789,22.799999237060547,22.989999771118164,21.203685760498047,2657100
2018-09-07,22.860000610351562,22.989999771118164,22.770000457763672,22.8799991607666,21.102231979370117,3191200
2018-09-10,22.899999618530273,23.229999542236328,22.889999389648438,23.100000381469727,21.305139541625977,2848700
2018-09-11,23.100000381469727,23.200000762939453,23.010000228881836,23.18000030517578,21.378921508789062,2151500
2018-09-12,23.260000228881836,24.010000228881836,23.229999542236328,24.010000228881836,22.144433975219727,3682800
2018-09-13,23.950000762939453,24.139999389648438,23.770000457763672,24.1299991607666,22.25510597229004,1927000
2018-09-14,24.1299991607666,24.469999313354492,24.079999923706055,24.469999313354492,22.568689346313477,2309500
2018-09-17,24.3799991607666,24.399999618530273,23.5,23.540000915527344,21.710948944091797,2580000
2018-09-18,23.530000686645508,23.709999084472656,23.479999542236328,23.549999237060547,21.720172882080078,2272200
2018-09-19,23.65999984741211,23.670000076293945,23.450000762939453,23.559999465942383,21.72939682006836,1775200
2018-09-20,23.510000228881836,23.889999389648438,23.420000076293945,23.649999618530273,21.812402725219727,2287400
2018-09-21,23.65999984741211,23.860000610351562,23.56999969482422,23.799999237060547,21.950748443603516,3111400
2018-09-24,23.739999771118164,23.739999771118164,23.420000076293945,23.540000915527344,21.710948944091797,1799600
2018-09-25,23.549999237060547,23.600000381469727,23.270000457763672,23.530000686645508,21.70172691345215,1956200
2018-09-26,23.59000015258789,23.6200008392334,23.360000610351562,23.43000030517578,21.6094970703125,1946000
2018-09-27,23.350000381469727,23.3799991607666,23.079999923706055,23.110000610351562,21.314363479614258,1198100
2018-09-28,23.1299991607666,23.239999771118164,23.059999465942383,23.170000076293945,21.369699478149414,1780900
2018-10-01,23.290000915527344,23.350000381469727,22.850000381469727,23.100000381469727,21.305139541625977,1944400
2018-10-02,22.979999542236328,23.049999237060547,22.770000457763672,22.829999923706055,21.056121826171875,1512000
2018-10-03,22.799999237060547,22.90999984741211,22.719999313354492,22.829999923706055,21.056121826171875,2151400
2018-10-04,22.68000030517578,22.700000762939453,22.329999923706055,22.389999389648438,20.786880493164062,1363300
2018-10-05,22.350000381469727,22.440000534057617,22.190000534057617,22.260000228881836,20.666189193725586,1706200
2018-10-08,22.329999923706055,22.59000015258789,22.270000457763672,22.559999465942383,20.9447078704834,1331400
2018-10-09,22.40999984741211,22.979999542236328,22.389999389648438,22.959999084472656,21.316068649291992,2424900
2018-10-10,23.1200008392334,23.579999923706055,22.90999984741211,23.520000457763672,21.83597183227539,5209800
2018-10-11,23.489999771118164,23.489999771118164,22.610000610351562,22.790000915527344,21.158245086669922,3775900
2018-10-12,22.8700008392334,23.149999618530273,22.510000228881836,23.040000915527344,21.390342712402344,3044800
2018-10-15,23.09000015258789,23.40999984741211,22.979999542236328,23.309999465942383,21.641008377075195,1533500
2018-10-16,23.420000076293945,24.079999923706055,23.280000686645508,23.889999389648438,22.17948341369629,1822600
2018-10-17,23.8700008392334,24.059999465942383,23.770000457763672,23.93000030517578,22.216615676879883,1674800
2018-10-18,23.899999618530273,24.040000915527344,23.459999084472656,23.799999237060547,22.095930099487305,2011600
2018-10-19,23.760000228881836,24.170000076293945,23.760000228881836,24.079999923706055,22.355880737304688,4712300
2018-10-22,24.139999389648438,24.15999984741211,23.75,23.920000076293945,22.207332611083984,3581300
2018-10-23,23.700000762939453,23.989999771118164,22.950000762939453,23.739999771118164,22.040224075317383,3167700
2018-10-24,23.610000610351562,23.93000030517578,23.450000762939453,23.93000030517578,22.216615676879883,3880900
2018-10-25,23.93000030517578,24.100000381469727,23.639999389648438,24.049999237060547,22.328022003173828,2300100
2018-10-26,23.969999313354492,24.100000381469727,23.579999923706055,24.100000381469727,22.374448776245117,2262000
2018-10-29,24.139999389648438,24.700000762939453,23.979999542236328,24.270000457763672,22.53227424621582,2594500
2018-10-30,24.420000076293945,24.690000534057617,24.290000915527344,24.59000015258789,22.829364776611328,1904300
2018-10-31,25.579999923706055,26.600000381469727,25.079999923706055,26.0,24.138404846191406,11044600
2018-11-01,26.149999618530273,26.709999084472656,25.860000610351562,26.520000457763672,24.621173858642578,5373200
2018-11-02,26.479999542236328,26.75,26.350000381469727,26.649999618530273,24.741867065429688,6048600
2018-11-05,26.739999771118164,26.950000762939453,26.469999313354492,26.649999618530273,24.741867065429688,4898000
2018-11-06,26.6299991607666,27.25,26.56999969482422,27.209999084472656,25.26177215576172,3036200
2018-11-07,27.34000015258789,27.780000686645508,27.239999771118164,27.6299991607666,25.651702880859375,2792300
2018-11-08,27.920000076293945,28.809999465942383,27.360000610351562,28.469999313354492,26.43155288696289,4561600
2018-11-09,28.329999923706055,28.59000015258789,28.110000610351562,28.520000457763672,26.477975845336914,1954100
2018-11-12,28.420000076293945,28.709999084472656,28.280000686645508,28.510000228881836,26.46868896484375,3220900
2018-11-13,28.559999465942383,28.670000076293945,27.81999969482422,27.93000030517578,25.930219650268555,2648600
2018-11-14,28.31999969482422,28.420000076293945,27.3700008392334,27.760000228881836,25.77238655090332,8637400
2018-11-15,27.639999389648438,27.639999389648438,27.229999542236328,27.540000915527344,25.56814193725586,3051200
2018-11-16,27.40999984741211,27.790000915527344,27.260000228881836,27.709999084472656,25.725971221923828,1766000
2018-11-19,27.65999984741211,27.719999313354492,27.31999969482422,27.440000534057617,25.47530174255371,2994000
2018-11-20,27.280000686645508,27.290000915527344,26.299999237060547,26.309999465942383,24.426210403442383,2489600
2018-11-21,26.270000457763672,26.299999237060547,25.649999618530273,26.15999984741211,24.28694725036621,5582000
2018-11-23,26.420000076293945,26.6299991607666,26.190000534057617,26.540000915527344,24.63974380493164,893400
2018-11-26,26.540000915527344,26.799999237060547,26.3799991607666,26.68000030517578,24.769718170166016,1904300
2018-11-27,26.579999923706055,26.59000015258789,25.84000015258789,26.100000381469727,24.231250762939453,4212900
2018-11-28,26.229999542236328,26.65999984741211,26.200000762939453,26.649999618530273,24.741867065429688,3360800
2018-11-29,26.889999389648438,27.0,26.65999984741211,26.979999542236328,25.04823875427246,3333700
2018-11-30,26.959999084472656,27.079999923706055,26.8799991607666,27.0,25.06680679321289,1205100
2018-12-03,26.75,26.850000381469727,25.84000015258789,26.350000381469727,24.463350296020508,4443300
2018-12-04,26.5,27.059999465942383,26.15999984741211,26.450000762939453,24.556182861328125,6964500
2018-12-06,26.25,26.25,25.309999465942383,25.979999542236328,24.119842529296875,4286300
2018-12-07,26.25,26.5,25.969999313354492,26.299999237060547,24.41692543029785,4341100
2018-12-10,26.239999771118164,26.239999771118164,25.56999969482422,25.950000762939453,24.091983795166016,3079000
2018-12-11,26.0,26.360000610351562,25.959999084472656,26.290000915527344,24.407642364501953,3124600
2018-12-12,26.5,26.5,26.079999923706055,26.1200008392334,24.24981117248535,3105300
2018-12-13,26.219999313354492,26.34000015258789,25.959999084472656,26.149999618530273,24.277667999267578,2643100
2018-12-14,25.959999084472656,26.100000381469727,25.829999923706055,25.920000076293945,24.064132690429688,2510500
2018-12-17,25.790000915527344,25.899999618530273,25.110000610351562,25.239999771118164,23.432823181152344,5128900
2018-12-18,25.229999542236328,25.299999237060547,24.520000457763672,24.639999389648438,22.875782012939453,5475400
2018-12-19,24.690000534057617,25.450000762939453,24.690000534057617,25.100000381469727,23.302846908569336,5015800
2018-12-20,25.1299991607666,25.510000228881836,24.8799991607666,25.350000381469727,23.534948348999023,5320300
2018-12-21,25.329999923706055,25.969999313354492,25.059999465942383,25.1200008392334,23.3214168548584,5423900
2018-12-24,25.100000381469727,25.190000534057617,24.540000915527344,24.649999618530273,22.885068893432617,3477200
2018-12-26,24.670000076293945,25.610000610351562,24.670000076293945,25.610000610351562,23.776329040527344,2549500
2018-12-27,25.399999618530273,25.469999313354492,24.780000686645508,25.469999313354492,23.646350860595703,2982700
2018-12-28,25.59000015258789,25.68000030517578,25.139999389648438,25.40999984741211,23.590652465820312,2672000
2018-12-31,25.459999084472656,25.760000228881836,25.209999084472656,25.639999389648438,23.804182052612305,1927800
2019-01-02,25.280000686645508,25.459999084472656,24.860000610351562,25.280000686645508,23.46995735168457,3318500
2019-01-03,25.079999923706055,25.469999313354492,24.920000076293945,25.040000915527344,23.385902404785156,2335300
2019-01-04,25.139999389648438,25.610000610351562,25.020000457763672,25.559999465942383,23.87155532836914,3359300
2019-01-07,25.59000015258789,26.0,25.510000228881836,25.8799991607666,24.170413970947266,2073600
2019-01-08,26.1299991607666,26.229999542236328,25.729999542236328,25.889999389648438,24.17975616455078,3663900
2019-01-09,26.110000610351562,26.639999389648438,26.110000610351562,26.469999313354492,24.7214412689209,4835300
2019-01-10,26.489999771118164,26.56999969482422,26.219999313354492,26.280000686645508,24.543991088867188,2049100
2019-01-11,26.420000076293945,27.0,26.3700008392334,27.0,25.216428756713867,3711700
2019-01-14,26.989999771118164,26.989999771118164,26.139999389648438,26.350000381469727,24.609365463256836,2834400
2019-01-15,26.389999389648438,26.610000610351562,26.030000686645508,26.56999969482422,24.814830780029297,2261200
2019-01-16,26.56999969482422,26.56999969482422,25.979999542236328,26.270000457763672,24.534650802612305,2893800
2019-01-17,26.280000686645508,26.540000915527344,26.1200008392334,26.280000686645508,24.543991088867188,2073100
2019-01-18,26.399999618530273,26.690000534057617,26.399999618530273,26.670000076293945,24.90822982788086,2265000
2019-01-22,26.489999771118164,26.600000381469727,26.34000015258789,26.549999237060547,24.79615592956543,2253400
2019-01-23,26.56999969482422,26.65999984741211,26.420000076293945,26.510000228881836,24.758800506591797,1877500
2019-01-24,26.399999618530273,26.540000915527344,26.299999237060547,26.3700008392334,24.6280460357666,1951200
2019-01-25,26.360000610351562,26.510000228881836,26.209999084472656,26.299999237060547,24.562667846679688,1348900
2019-01-28,26.270000457763672,26.299999237060547,25.940000534057617,26.299999237060547,24.562667846679688,1633600
2019-01-29,26.270000457763672,26.510000228881836,26.219999313354492,26.469999313354492,24.7214412689209,1666100
2019-01-30,26.440000534057617,26.719999313354492,26.34000015258789,26.579999923706055,24.824172973632812,1952600
2019-01-31,26.709999084472656,27.329999923706055,26.579999923706055,27.219999313354492,25.421894073486328,3902700
2019-02-01,27.31999969482422,27.450000762939453,27.040000915527344,27.209999084472656,25.412555694580078,1802200
2019-02-04,27.270000457763672,27.3700008392334,27.100000381469727,27.170000076293945,25.375202178955078,1713300
2019-02-05,27.170000076293945,27.25,27.010000228881836,27.110000610351562,25.31915855407715,1217100
2019-02-06,27.139999389648438,27.229999542236328,27.010000228881836,27.1200008392334,25.32850456237793,1174000
2019-02-07,27.010000228881836,27.209999084472656,27.010000228881836,27.170000076293945,25.375202178955078,1374600
2019-02-08,27.1299991607666,27.790000915527344,27.030000686645508,27.780000686645508,25.94490623474121,1827100
2019-02-11,27.75,28.18000030517578,27.700000762939453,28.18000030517578,26.3184814453125,2492600
2019-02-12,28.1299991607666,28.43000030517578,28.110000610351562,28.299999237060547,26.430553436279297,2244500
2019-02-13,28.5,28.5,28.239999771118164,28.420000076293945,26.54262351989746,1608400
2019-02-14,28.209999084472656,28.459999084472656,27.81999969482422,27.93000030517578,26.084997177124023,3400700
2019-02-15,28.049999237060547,28.260000228881836,27.969999313354492,28.239999771118164,26.374513626098633,1298100
2019-02-19,28.260000228881836,28.3700008392334,28.100000381469727,28.170000076293945,26.309141159057617,1719000
2019-02-20,28.1200008392334,28.299999237060547,28.1200008392334,28.170000076293945,26.309141159057617,1431500
2019-02-21,28.219999313354492,28.329999923706055,27.989999771118164,28.170000076293945,26.309141159057617,1375000
2019-02-22,28.010000228881836,28.010000228881836,27.049999237060547,27.479999542236328,25.664722442626953,3243600
2019-02-25,27.489999771118164,27.510000228881836,26.739999771118164,27.0,25.216428756713867,2339100
2019-02-26,26.93000030517578,27.0,26.510000228881836,26.549999237060547,24.79615592956543,2745600
2019-02-27,26.5,26.950000762939453,26.469999313354492,26.940000534057617,25.16039276123047,3914300
2019-02-28,25.649999618530273,26.0,25.049999237060547,25.149999618530273,23.488632202148438,7972800
2019-03-01,25.5,26.030000686645508,25.1299991607666,26.0,24.282485961914062,6617500
2019-03-04,25.8700008392334,26.110000610351562,25.780000686645508,26.049999237060547,24.329179763793945,3979000
2019-03-05,26.0,26.139999389648438,25.93000030517578,26.0,24.282485961914062,2575200
2019-03-06,26.40999984741211,26.65999984741211,26.1200008392334,26.510000228881836,24.758800506591797,3637900
2019-03-07,26.5,26.979999542236328,26.260000228881836,26.540000915527344,24.78681755065918,3173900
2019-03-08,26.399999618530273,26.56999969482422,26.239999771118164,26.399999618530273,24.656063079833984,2509300
2019-03-11,26.479999542236328,26.950000762939453,26.40999984741211,26.8799991607666,25.104354858398438,2446700
2019-03-12,27.139999389648438,27.239999771118164,26.979999542236328,27.229999542236328,25.431236267089844,2031800
2019-03-13,27.229999542236328,27.420000076293945,27.09000015258789,27.34000015258789,25.53396987915039,2733400
2019-03-14,27.360000610351562,27.5,27.170000076293945,27.3700008392334,25.56198501586914,2604600
2019-03-15,27.450000762939453,27.75,27.3799991607666,27.68000030517578,25.85150909423828,3325300
2019-03-18,27.850000381469727,27.940000534057617,27.549999237060547,27.829999923706055,25.991601943969727,3089600
2019-03-19,27.860000610351562,28.09000015258789,27.3700008392334,27.5,25.683399200439453,3206000
2019-03-20,27.440000534057617,27.920000076293945,27.25,27.760000228881836,25.92622184753418,2444800
2019-03-21,27.709999084472656,28.059999465942383,27.670000076293945,28.040000915527344,26.187728881835938,1378000
2019-03-22,27.979999542236328,28.149999618530273,27.700000762939453,27.709999084472656,25.87952423095703,1868600
2019-03-25,27.600000381469727,27.959999084472656,27.600000381469727,27.809999465942383,25.972919464111328,1916200
2019-03-26,27.93000030517578,28.25,27.860000610351562,28.149999618530273,26.290462493896484,1562900
2019-03-27,28.09000015258789,28.239999771118164,27.75,27.920000076293945,26.07565689086914,1591100
2019-03-28,27.940000534057617,28.1299991607666,27.860000610351562,27.969999313354492,26.12235450744629,1329300
2019-03-29,28.0,28.170000076293945,27.770000457763672,27.969999313354492,26.12235450744629,1700300
2019-04-01,27.979999542236328,28.0,27.489999771118164,27.700000762939453,25.870187759399414,2079900
2019-04-02,27.729999542236328,27.770000457763672,27.329999923706055,27.3700008392334,25.56198501586914,2041000
2019-04-03,27.260000228881836,27.75,26.959999084472656,27.600000381469727,25.776796340942383,2861500
2019-04-04,27.510000228881836,27.540000915527344,27.239999771118164,27.260000228881836,25.598377227783203,1695500
2019-04-05,27.3799991607666,27.649999618530273,27.229999542236328,27.309999465942383,25.64532470703125,1856800
2019-04-08,27.260000228881836,27.670000076293945,27.229999542236328,27.610000610351562,25.927045822143555,2079500
2019-04-09,27.520000457763672,27.799999237060547,27.469999313354492,27.68000030517578,25.992773056030273,2267300
2019-04-10,27.68000030517578,28.18000030517578,27.68000030517578,28.059999465942383,26.349611282348633,2649400
2019-04-11,27.100000381469727,27.299999237060547,26.59000015258789,26.8700008392334,25.232152938842773,6502800
2019-04-12,26.790000915527344,26.860000610351562,26.420000076293945,26.510000228881836,24.89409065246582,2590500
2019-04-15,26.5,26.700000762939453,26.40999984741211,26.549999237060547,24.931652069091797,1838200
2019-04-16,26.59000015258789,26.68000030517578,26.280000686645508,26.420000076293945,24.80957794189453,1216200
2019-04-17,26.43000030517578,26.56999969482422,26.190000534057617,26.239999771118164,24.640548706054688,1049500
2019-04-18,26.3700008392334,26.6200008392334,26.09000015258789,26.610000610351562,24.98799705505371,1450400
2019-04-22,26.540000915527344,26.8799991607666,26.479999542236328,26.850000381469727,25.21337127685547,1714200
2019-04-23,26.950000762939453,27.3700008392334,26.90999984741211,27.350000381469727,25.68288803100586,4397500
2019-04-24,27.389999389648438,27.959999084472656,27.290000915527344,27.5,25.823745727539062,5140400
2019-04-25,27.350000381469727,27.709999084472656,27.06999969482422,27.65999984741211,25.97399139404297,2083200
2019-04-26,27.700000762939453,28.59000015258789,27.649999618530273,28.530000686645508,26.79096794128418,2184200
2019-04-29,28.5,28.760000228881836,28.3799991607666,28.610000610351562,26.866086959838867,2206600
2019-04-30,28.600000381469727,29.1299991607666,28.520000457763672,29.06999969482422,27.29804801940918,2523300
2019-05-01,29.049999237060547,29.049999237060547,28.450000762939453,28.469999313354492,26.734619140625,1621100
2019-05-02,28.350000381469727,28.969999313354492,28.350000381469727,28.950000762939453,27.185365676879883,1888000
2019-05-03,29.059999465942383,29.15999984741211,28.90999984741211,29.049999237060547,27.279268264770508,2209100
2019-05-06,28.809999465942383,29.489999771118164,28.770000457763672,29.440000534057617,27.645496368408203,1520800
2019-05-07,29.239999771118164,29.329999923706055,28.899999618530273,29.059999465942383,27.28865623474121,2820300
2019-05-08,29.170000076293945,29.399999618530273,28.950000762939453,29.110000610351562,27.335609436035156,3181900
2019-05-09,29.510000228881836,29.739999771118164,27.8700008392334,28.280000686645508,26.556201934814453,2965600
2019-05-10,28.049999237060547,29.43000030517578,28.010000228881836,29.40999984741211,27.61732292175293,2598200
2019-05-13,29.190000534057617,29.420000076293945,29.040000915527344,29.290000915527344,27.504636764526367,2827500
2019-05-14,29.309999465942383,29.739999771118164,29.209999084472656,29.59000015258789,27.786352157592773,3235500
2019-05-15,29.5,29.760000228881836,29.420000076293945,29.540000915527344,27.739402770996094,1500600
2019-05-16,29.350000381469727,29.459999084472656,28.399999618530273,28.600000381469727,26.856693267822266,3464200
2019-05-17,28.649999618530273,29.479999542236328,28.549999237060547,29.260000228881836,27.47646713256836,2071100
2019-05-20,29.3700008392334,29.3700008392334,28.969999313354492,29.149999618530273,27.373170852661133,1656600
2019-05-21,29.260000228881836,29.329999923706055,29.049999237060547,29.06999969482422,27.29804801940918,1828700
2019-05-22,29.0,29.190000534057617,28.920000076293945,29.1200008392334,27.344999313354492,1979900
2019-05-23,29.100000381469727,29.209999084472656,28.809999465942383,28.950000762939453,27.185365676879883,1883300
2019-05-24,29.0,29.40999984741211,28.90999984741211,29.209999084472656,27.42951202392578,2209800
2019-05-28,29.219999313354492,29.329999923706055,28.780000686645508,28.84000015258789,27.082067489624023,2253600
2019-05-29,28.639999389648438,28.670000076293945,28.09000015258789,28.43000030517578,26.697059631347656,2220900
2019-05-30,28.469999313354492,28.56999969482422,28.270000457763672,28.3700008392334,26.640714645385742,1437600
2019-05-31,28.100000381469727,28.360000610351562,27.93000030517578,28.190000534057617,26.471689224243164,1376300
2019-06-03,28.280000686645508,28.309999465942383,27.969999313354492,28.190000534057617,26.471689224243164,1682500
2019-06-04,28.309999465942383,28.43000030517578,27.920000076293945,28.06999969482422,26.3590030670166,2152700
2019-06-05,28.200000762939453,28.559999465942383,28.139999389648438,28.360000610351562,26.631324768066406,1682900
2019-06-06,28.3799991607666,28.540000915527344,28.219999313354492,28.360000610351562,26.631324768066406,1348900
2019-06-07,28.489999771118164,28.700000762939453,28.309999465942383,28.34000015258789,26.612545013427734,1711900
2019-06-10,28.479999542236328,28.649999618530273,28.299999237060547,28.6200008392334,26.875478744506836,2903300
2019-06-11,28.649999618530273,28.739999771118164,27.989999771118164,28.329999923706055,26.60315704345703,2093600
2019-06-12,28.360000610351562,28.690000534057617,28.360000610351562,28.479999542236328,26.744009017944336,2015100
2019-06-13,28.520000457763672,28.75,28.3700008392334,28.6200008392334,26.875478744506836,2142800
2019-06-14,28.610000610351562,28.81999969482422,28.479999542236328,28.6299991607666,26.884872436523438,1759400
2019-06-17,29.389999389648438,30.049999237060547,29.239999771118164,30.040000915527344,28.20892333984375,3330200
2019-06-18,30.1200008392334,30.18000030517578,29.6299991607666,30.06999969482422,28.237091064453125,3011100
2019-06-19,29.940000534057617,30.530000686645508,29.809999465942383,30.43000030517578,28.575149536132812,2073200
2019-06-20,30.6200008392334,30.989999771118164,30.56999969482422,30.90999984741211,29.025888442993164,5354600
2019-06-21,30.889999389648438,31.059999465942383,30.110000610351562,30.649999618530273,28.78173828125,4805500
2019-06-24,30.670000076293945,30.670000076293945,29.549999237060547,29.969999313354492,28.143186569213867,5406600
2019-06-25,29.969999313354492,30.06999969482422,29.420000076293945,29.56999969482422,27.76757049560547,4426700
2019-06-26,29.639999389648438,29.760000228881836,28.56999969482422,28.760000228881836,27.00694465637207,3861500
2019-06-27,28.81999969482422,28.81999969482422,28.31999969482422,28.68000030517578,26.931819915771484,3907600
2019-06-28,28.75,29.059999465942383,28.579999923706055,28.899999618530273,27.138410568237305,7595800
2019-07-01,29.1200008392334,29.559999465942383,28.979999542236328,29.479999542236328,27.683055877685547,4028800
2019-07-02,29.549999237060547,29.829999923706055,29.329999923706055,29.760000228881836,28.088911056518555,2213500
2019-07-03,29.729999542236328,30.270000457763672,29.729999542236328,30.200000762939453,28.648603439331055,1755700
2019-07-05,30.079999923706055,30.200000762939453,29.8700008392334,30.079999923706055,28.534767150878906,2629900
2019-07-08,29.979999542236328,30.0,29.829999923706055,29.920000076293945,28.38298797607422,1582600
2019-07-09,29.81999969482422,29.920000076293945,29.31999969482422,29.389999389648438,27.880212783813477,1600300
2019-07-10,29.479999542236328,29.549999237060547,29.149999618530273,29.15999984741211,27.662031173706055,1977800
2019-07-11,29.209999084472656,29.270000457763672,28.920000076293945,29.040000915527344,27.548194885253906,1323800
2019-07-12,29.020000457763672,29.049999237060547,28.670000076293945,28.729999542236328,27.254117965698242,1520800
2019-07-15,28.81999969482422,28.940000534057617,28.459999084472656,28.5,27.03593635559082,2635700
2019-07-16,28.549999237060547,28.639999389648438,28.170000076293945,28.290000915527344,26.83672332763672,2930500
2019-07-17,28.209999084472656,28.440000534057617,27.920000076293945,27.979999542236328,26.542644500732422,2425700
2019-07-18,28.020000457763672,28.09000015258789,27.399999618530273,27.969999313354492,26.533159255981445,4194700
2019-07-19,27.889999389648438,28.06999969482422,27.610000610351562,27.6299991607666,26.21062469482422,2062000
2019-07-22,27.649999618530273,27.8700008392334,27.56999969482422,27.610000610351562,26.1916561126709,2053800
2019-07-23,28.030000686645508,28.209999084472656,27.520000457763672,27.719999313354492,26.296003341674805,2657800
2019-07-24,27.6200008392334,27.93000030517578,27.540000915527344,27.760000228881836,26.333946228027344,3120000
2019-07-25,27.649999618530273,28.170000076293945,27.649999618530273,28.010000228881836,26.57110595703125,2650900
2019-07-26,28.139999389648438,28.299999237060547,28.030000686645508,28.100000381469727,26.656482696533203,1498600
2019-07-29,28.079999923706055,28.15999984741211,27.90999984741211,28.0,26.561620712280273,1295800
2019-07-30,27.8700008392334,28.290000915527344,27.860000610351562,28.200000762939453,26.7513427734375,2655600
2019-07-31,28.200000762939453,28.40999984741211,27.860000610351562,28.139999389648438,26.694427490234375,2331300
2019-08-01,28.190000534057617,28.549999237060547,28.020000457763672,28.149999618530273,26.703914642333984,1753400
2019-08-02,28.15999984741211,28.270000457763672,27.959999084472656,28.100000381469727,26.656482696533203,2398400
2019-08-05,27.90999984741211,28.15999984741211,27.6299991607666,27.950000762939453,26.51418685913086,5014900
2019-08-06,28.049999237060547,28.139999389648438,27.649999618530273,27.850000381469727,26.419322967529297,2589600
2019-08-07,27.700000762939453,27.780000686645508,27.360000610351562,27.610000610351562,26.1916561126709,5573800
2019-08-08,28.25,29.229999542236328,27.610000610351562,29.030000686645508,27.53870964050293,3312800
2019-08-09,28.979999542236328,29.59000015258789,28.860000610351562,29.09000015258789,27.595624923706055,2328300
2019-08-12,29.059999465942383,29.1200008392334,28.489999771118164,28.6200008392334,27.149768829345703,2378200
2019-08-13,28.549999237060547,28.90999984741211,28.34000015258789,28.469999313354492,27.00747299194336,2133100
2019-08-14,28.59000015258789,28.610000610351562,27.40999984741211,27.420000076293945,26.011415481567383,2283200
2019-08-15,27.559999465942383,28.010000228881836,27.510000228881836,27.84000015258789,26.40983772277832,2597000
2019-08-16,27.989999771118164,28.049999237060547,27.68000030517578,28.010000228881836,26.57110595703125,1628700
2019-08-19,28.079999923706055,28.25,27.93000030517578,27.950000762939453,26.51418685913086,3018700
2019-08-20,27.889999389648438,28.18000030517578,27.81999969482422,27.889999389648438,26.4572696685791,1995400
2019-08-21,28.020000457763672,28.020000457763672,27.6200008392334,27.729999542236328,26.30548858642578,1204200
2019-08-22,27.770000457763672,27.81999969482422,27.459999084472656,27.489999771118164,26.077821731567383,1317300
2019-08-23,27.469999313354492,27.540000915527344,26.6299991607666,26.719999313354492,25.347370147705078,1434500
2019-08-26,26.75,26.84000015258789,26.559999465942383,26.739999771118164,25.366342544555664,1183200
2019-08-27,26.809999465942383,26.940000534057617,26.700000762939453,26.75,25.37583351135254,2120000
2019-08-28,26.709999084472656,26.899999618530273,26.549999237060547,26.829999923706055,25.451723098754883,1892600
2019-08-29,27.020000457763672,27.350000381469727,26.959999084472656,27.239999771118164,25.84065818786621,1180900
2019-08-30,27.280000686645508,27.389999389648438,27.030000686645508,27.280000686645508,25.878604888916016,1566000
2019-09-03,27.110000610351562,27.1200008392334,26.540000915527344,26.600000381469727,25.233535766601562,3083600
2019-09-04,26.5,27.0,25.940000534057617,27.0,25.61298942565918,4868400
2019-09-05,27.229999542236328,27.229999542236328,26.93000030517578,27.149999618530273,25.755285263061523,3451200
2019-09-06,27.239999771118164,27.239999771118164,26.700000762939453,26.860000610351562,25.480180740356445,2848800
2019-09-09,26.81999969482422,26.950000762939453,26.540000915527344,26.75,25.37583351135254,4212300
2019-09-10,26.649999618530273,27.170000076293945,26.420000076293945,27.15999984741211,25.7647705078125,3317000
2019-09-11,27.09000015258789,28.290000915527344,27.030000686645508,28.260000228881836,26.80826187133789,4444100
2019-09-12,28.440000534057617,28.530000686645508,27.649999618530273,27.65999984741211,26.239084243774414,2269500
2019-09-13,27.540000915527344,27.760000228881836,27.40999984741211,27.549999237060547,26.13473892211914,1362400
2019-09-16,27.549999237060547,27.65999984741211,27.290000915527344,27.309999465942383,25.907062530517578,1098500
2019-09-17,27.309999465942383,27.860000610351562,27.290000915527344,27.850000381469727,26.419322967529297,1609300
2019-09-18,27.809999465942383,28.030000686645508,27.639999389648438,27.950000762939453,26.51418685913086,2560300
2019-09-19,27.969999313354492,28.100000381469727,27.579999923706055,27.610000610351562,26.1916561126709,1239600
2019-09-20,27.600000381469727,27.75,27.299999237060547,27.31999969482422,25.916549682617188,6486600
2019-09-23,27.31999969482422,27.350000381469727,27.1200008392334,27.139999389648438,25.745798110961914,1931500
2019-09-24,27.139999389648438,27.350000381469727,26.770000457763672,26.959999084472656,25.575044631958008,1708300
2019-09-25,27.0,27.149999618530273,26.93000030517578,27.0,25.61298942565918,4524000
2019-09-26,27.34000015258789,27.59000015258789,27.059999465942383,27.219999313354492,25.821687698364258,2001000
2019-09-27,27.270000457763672,27.290000915527344,26.920000076293945,27.0,25.61298942565918,1217700
2019-09-30,27.040000915527344,27.459999084472656,27.010000228881836,27.31999969482422,25.916549682617188,1544600
2019-10-01,27.31999969482422,27.399999618530273,26.940000534057617,27.040000915527344,25.650936126708984,1274500
2019-10-02,26.940000534057617,27.06999969482422,26.610000610351562,26.90999984741211,25.52761459350586,2024200
2019-10-03,26.950000762939453,27.280000686645508,26.829999923706055,27.239999771118164,25.985506057739258,3262800
2019-10-04,27.280000686645508,27.709999084472656,27.229999542236328,27.610000610351562,26.338468551635742,2867900
2019-10-07,27.520000457763672,27.639999389648438,27.389999389648438,27.479999542236328,26.214454650878906,3868400
2019-10-08,27.3799991607666,27.43000030517578,26.93000030517578,26.93000030517578,25.68978500366211,2570100
2019-10-09,27.040000915527344,27.420000076293945,26.959999084472656,27.100000381469727,25.851953506469727,1754600
2019-10-10,27.149999618530273,27.719999313354492,26.940000534057617,27.639999389648438,26.367084503173828,4634600
2019-10-11,27.65999984741211,28.06999969482422,27.59000015258789,27.809999465942383,26.52925682067871,2287900
2019-10-14,27.549999237060547,27.670000076293945,27.200000762939453,27.399999618530273,26.138137817382812,2940400
2019-10-15,27.440000534057617,27.649999618530273,27.440000534057617,27.530000686645508,26.26215171813965,1700700
2019-10-16,27.510000228881836,27.649999618530273,27.3700008392334,27.610000610351562,26.338468551635742,1292200
2019-10-17,27.65999984741211,27.860000610351562,27.559999465942383,27.600000381469727,26.328929901123047,1814400
2019-10-18,27.469999313354492,27.739999771118164,27.469999313354492,27.59000015258789,26.319385528564453,2671300
2019-10-21,27.579999923706055,27.600000381469727,27.229999542236328,27.489999771118164,26.223995208740234,3054900
2019-10-22,27.540000915527344,27.700000762939453,27.440000534057617,27.520000457763672,26.252609252929688,1766800
2019-10-23,27.479999542236328,27.700000762939453,27.43000030517578,27.6299991607666,26.357547760009766,1710200
2019-10-24,27.600000381469727,27.860000610351562,27.530000686645508,27.709999084472656,26.43385887145996,1828500
2019-10-25,27.540000915527344,27.75,27.31999969482422,27.510000228881836,26.243074417114258,1817000
2019-10-28,27.520000457763672,27.770000457763672,27.479999542236328,27.649999618530273,26.37662124633789,1405800
2019-10-29,27.600000381469727,27.93000030517578,27.540000915527344,27.639999389648438,26.367084503173828,1499700
2019-10-30,27.719999313354492,27.920000076293945,27.5,27.899999618530273,26.615110397338867,1557200
2019-10-31,27.93000030517578,28.200000762939453,27.84000015258789,28.15999984741211,26.863136291503906,1992300
2019-11-01,28.25,28.43000030517578,28.170000076293945,28.209999084472656,26.91083526611328,1657500
2019-11-04,28.219999313354492,28.25,27.729999542236328,27.8700008392334,26.586496353149414,1391500
2019-11-05,27.90999984741211,28.239999771118164,27.790000915527344,28.030000686645508,26.73912811279297,2018300
2019-11-06,28.040000915527344,28.299999237060547,27.93000030517578,28.170000076293945,26.872676849365234,2862800
2019-11-07,30.75,32.0,29.690000534057617,29.829999923706055,28.456228256225586,5677200
2019-11-08,29.829999923706055,29.93000030517578,28.780000686645508,29.200000762939453,27.855243682861328,3017100
2019-11-11,29.149999618530273,29.329999923706055,28.959999084472656,28.989999771118164,27.65491485595703,1353900
2019-11-12,28.989999771118164,29.260000228881836,28.8799991607666,29.200000762939453,27.855243682861328,2080700
2019-11-13,29.290000915527344,29.530000686645508,29.09000015258789,29.5,28.141427993774414,1888200
2019-11-14,29.5,30.010000228881836,29.43000030517578,30.0,28.618398666381836,1691100
2019-11-15,29.959999084472656,30.079999923706055,29.770000457763672,30.020000457763672,28.63747787475586,1020200
2019-11-18,29.93000030517578,30.549999237060547,29.8700008392334,30.3700008392334,28.971359252929688,2356800
2019-11-19,30.3700008392334,30.3700008392334,29.489999771118164,30.200000762939453,28.809188842773438,2850000
2019-11-20,30.3799991607666,30.68000030517578,30.09000015258789,30.530000686645508,29.123991012573242,2869100
2019-11-21,30.450000762939453,30.65999984741211,30.15999984741211,30.6299991607666,29.21938133239746,1766300
2019-11-22,30.719999313354492,30.719999313354492,30.170000076293945,30.299999237060547,28.904584884643555,1191700
2019-11-25,30.440000534057617,30.84000015258789,30.280000686645508,30.700000762939453,29.286163330078125,2143300
2019-11-26,30.700000762939453,31.079999923706055,30.559999465942383,30.989999771118164,29.562807083129883,1620300
2019-11-27,31.059999465942383,31.309999465942383,30.889999389648438,31.209999084472656,29.772674560546875,1437400
2019-11-29,31.25,31.270000457763672,30.93000030517578,30.940000534057617,29.51511001586914,553100
2019-12-02,30.8700008392334,30.8700008392334,30.40999984741211,30.520000457763672,29.114452362060547,1753400
2019-12-03,30.270000457763672,30.420000076293945,29.950000762939453,30.0,28.618398666381836,2995700
2019-12-04,29.950000762939453,30.270000457763672,29.950000762939453,30.040000915527344,28.656557083129883,3866500
2019-12-05,30.190000534057617,30.190000534057617,29.190000534057617,29.190000534057617,27.845705032348633,2823100
2019-12-06,29.350000381469727,29.670000076293945,29.260000228881836,29.290000915527344,27.941099166870117,1826900
2019-12-09,29.25,29.399999618530273,29.1299991607666,29.190000534057617,27.845705032348633,1651600
2019-12-10,29.149999618530273,29.25,28.959999084472656,29.15999984741211,27.817087173461914,2746800
2019-12-11,29.1200008392334,29.200000762939453,28.760000228881836,28.829999923706055,27.502281188964844,1348500
2019-12-12,29.190000534057617,29.190000534057617,28.719999313354492,28.780000686645508,27.454586029052734,1651600
2019-12-13,28.690000534057617,28.8700008392334,28.65999984741211,28.760000228881836,27.435504913330078,1174400
2019-12-16,28.760000228881836,28.920000076293945,28.670000076293945,28.899999618530273,27.569059371948242,3097600
2019-12-17,28.780000686645508,29.09000015258789,28.780000686645508,28.889999389648438,27.559520721435547,1782900
2019-12-18,28.8700008392334,29.010000228881836,28.43000030517578,28.56999969482422,27.254253387451172,1773500
2019-12-19,28.549999237060547,28.770000457763672,28.440000534057617,28.530000686645508,27.21609878540039,2378500
2019-12-20,28.6200008392334,29.030000686645508,28.549999237060547,28.8700008392334,27.540441513061523,4120100
2019-12-23,28.90999984741211,29.040000915527344,28.719999313354492,28.809999465942383,27.483200073242188,1455800
2019-12-24,28.829999923706055,28.8700008392334,28.649999618530273,28.649999618530273,27.330575942993164,575900
2019-12-26,28.65999984741211,28.84000015258789,28.6200008392334,28.81999969482422,27.49274253845215,857100
2019-12-27,28.90999984741211,28.920000076293945,28.75,28.84000015258789,27.511821746826172,720700
2019-12-30,28.799999237060547,28.969999313354492,28.739999771118164,28.8700008392334,27.540441513061523,1060500
2019-12-31,28.81999969482422,29.049999237060547,28.81999969482422,28.950000762939453,27.616756439208984,1366400
2020-01-02,28.889999389648438,28.899999618530273,28.59000015258789,28.739999771118164,27.559219360351562,1924300
2020-01-03,28.559999465942383,28.8700008392334,28.5,28.809999465942383,27.626344680786133,1129000
2020-01-06,28.6299991607666,29.030000686645508,28.6299991607666,29.0,27.80853843688965,1783500
2020-01-07,28.8700008392334,29.020000457763672,28.18000030517578,28.200000762939453,27.041404724121094,1272800
2020-01-08,28.200000762939453,28.34000015258789,27.739999771118164,27.760000228881836,26.619483947753906,1931800
2020-01-09,27.84000015258789,28.059999465942383,27.809999465942383,27.8700008392334,26.724966049194336,4952100
2020-01-10,27.850000381469727,28.34000015258789,27.850000381469727,27.8799991607666,26.73455047607422,7271400
2020-01-13,27.829999923706055,27.959999084472656,27.75,27.799999237060547,26.6578426361084,3240300
2020-01-14,27.719999313354492,27.84000015258789,27.350000381469727,27.600000381469727,26.466060638427734,2660500
2020-01-15,27.6200008392334,28.18000030517578,27.600000381469727,27.860000610351562,26.715375900268555,2417700
2020-01-16,27.940000534057617,28.09000015258789,27.559999465942383,27.6200008392334,26.485239028930664,4704800
2020-01-17,27.6200008392334,27.940000534057617,27.600000381469727,27.670000076293945,26.53318214416504,4545400
2020-01-21,27.3799991607666,27.59000015258789,27.079999923706055,27.100000381469727,25.986597061157227,2973800
2020-01-22,27.15999984741211,28.110000610351562,27.15999984741211,28.030000686645508,26.878395080566406,8292600
2020-01-23,27.540000915527344,27.81999969482422,27.139999389648438,27.770000457763672,26.629074096679688,5988100
2020-01-24,27.850000381469727,28.1299991607666,27.6299991607666,28.040000915527344,26.887983322143555,4623300
2020-01-27,27.65999984741211,28.1200008392334,27.639999389648438,28.030000686645508,26.878395080566406,3130200
2020-01-28,28.049999237060547,28.56999969482422,28.010000228881836,28.540000915527344,27.36743927001953,3022600
2020-01-29,28.56999969482422,28.84000015258789,28.489999771118164,28.549999237060547,27.37702751159668,2287700
2020-01-30,28.510000228881836,28.809999465942383,28.459999084472656,28.65999984741211,27.482507705688477,2450400
2020-01-31,28.700000762939453,28.8700008392334,28.479999542236328,28.530000686645508,27.35784912109375,2895100
2020-02-03,28.479999542236328,28.799999237060547,28.440000534057617,28.68000030517578,27.501684188842773,1246600
2020-02-04,28.93000030517578,29.020000457763672,28.670000076293945,28.670000076293945,27.492095947265625,1261500
2020-02-05,28.799999237060547,28.959999084472656,28.6299991607666,28.690000534057617,27.511276245117188,905700
2020-02-06,28.760000228881836,28.969999313354492,28.43000030517578,28.559999465942383,27.386613845825195,1757900
2020-02-07,28.5,28.639999389648438,28.459999084472656,28.56999969482422,27.39620590209961,1676300
2020-02-10,28.5,28.75,28.450000762939453,28.709999084472656,27.530452728271484,2560700
2020-02-11,28.75,28.860000610351562,28.639999389648438,28.670000076293945,27.492095947265625,1377500
2020-02-12,28.65999984741211,28.760000228881836,28.469999313354492,28.639999389648438,27.463329315185547,1537000
2020-02-13,28.450000762939453,28.780000686645508,28.440000534057617,28.579999923706055,27.405794143676758,2146200
2020-02-14,28.649999618530273,28.979999542236328,28.579999923706055,28.8700008392334,27.683881759643555,1161500
2020-02-18,28.780000686645508,29.170000076293945,28.780000686645508,28.8700008392334,27.683881759643555,3361200
2020-02-19,28.90999984741211,29.059999465942383,28.799999237060547,28.850000381469727,27.664701461791992,1469300
2020-02-20,28.829999923706055,29.329999923706055,28.799999237060547,29.299999237060547,28.09621238708496,1646400
2020-02-21,29.329999923706055,29.549999237060547,29.06999969482422,29.5,28.287996292114258,1480700
2020-02-24,29.200000762939453,29.420000076293945,28.979999542236328,29.139999389648438,27.942787170410156,1488600
2020-02-25,29.219999313354492,29.3799991607666,28.399999618530273,28.920000076293945,27.73182487487793,3449300
2020-02-26,29.059999465942383,29.420000076293945,28.5,28.729999542236328,27.549631118774414,3278400
2020-02-27,27.700000762939453,28.84000015258789,27.5,28.239999771118164,27.079763412475586,7680500
2020-02-28,27.84000015258789,28.0,26.770000457763672,27.8799991607666,26.73455047607422,4177300
2020-03-02,27.899999618530273,28.290000915527344,27.440000534057617,28.260000228881836,27.098939895629883,4619000
2020-03-03,28.260000228881836,28.510000228881836,27.5,27.549999237060547,26.41811180114746,5727000
2020-03-04,27.920000076293945,28.110000610351562,27.440000534057617,27.770000457763672,26.629074096679688,9166200
2020-03-05,27.110000610351562,27.270000457763672,26.5,27.0,25.890710830688477,23735700
2020-03-06,26.3700008392334,26.65999984741211,26.110000610351562,26.6299991607666,25.535907745361328,7347000
2020-03-09,25.739999771118164,26.09000015258789,21.3799991607666,24.450000762939453,23.445476531982422,7682500
2020-03-10,25.1299991607666,25.40999984741211,23.3700008392334,25.25,24.21260643005371,6805500
2020-03-11,24.719999313354492,25.079999923706055,24.049999237060547,24.510000228881836,23.503007888793945,5671100
2020-03-12,23.450000762939453,24.049999237060547,22.260000228881836,22.989999771118164,22.04545783996582,8118600
2020-03-13,23.75,24.059999465942383,22.549999237060547,23.469999313354492,22.5057373046875,6647800
2020-03-16,21.06999969482422,21.889999389648438,19.559999465942383,19.600000381469727,18.794736862182617,5986800
2020-03-17,20.020000457763672,20.43000030517578,19.030000686645508,20.31999969482422,19.485153198242188,8502400
2020-03-18,19.309999465942383,20.149999618530273,18.979999542236328,19.90999984741211,19.09200096130371,6961900
2020-03-19,19.899999618530273,24.639999389648438,19.899999618530273,24.31999969482422,23.32081413269043,7464000
2020-03-20,24.56999969482422,25.020000457763672,22.719999313354492,23.530000686645508,22.563274383544922,6202700
2020-03-23,23.280000686645508,23.739999771118164,22.809999465942383,23.18000030517578,22.227651596069336,4999400
2020-03-24,24.09000015258789,24.770000457763672,23.290000915527344,23.889999389648438,22.908485412597656,6757500
2020-03-25,23.950000762939453,25.700000762939453,23.639999389648438,25.0,23.97287940979004,4848500
2020-03-26,24.84000015258789,25.8799991607666,24.34000015258789,24.790000915527344,23.771507263183594,5624000
2020-03-27,24.059999465942383,24.790000915527344,23.860000610351562,24.3799991607666,23.378353118896484,2859400
2020-03-30,24.59000015258789,24.8700008392334,24.030000686645508,24.780000686645508,23.761917114257812,3701000
2020-03-31,24.40999984741211,24.760000228881836,24.190000534057617,24.270000457763672,23.272872924804688,2426900
2020-04-01,23.700000762939453,24.190000534057617,23.43000030517578,23.65999984741211,22.687931060791016,3029700
2020-04-02,23.350000381469727,23.959999084472656,23.290000915527344,23.860000610351562,23.025693893432617,4718200
2020-04-03,23.739999771118164,23.920000076293945,23.420000076293945,23.799999237060547,22.967792510986328,3995000
2020-04-06,24.3700008392334,24.739999771118164,24.209999084472656,24.59000015258789,23.73016929626465,2553200
2020-04-07,24.90999984741211,26.790000915527344,24.889999389648438,25.90999984741211,25.004011154174805,4683100
2020-04-08,25.969999313354492,26.790000915527344,25.6299991607666,26.610000610351562,25.679536819458008,1299700
2020-04-09,26.799999237060547,27.600000381469727,26.459999084472656,26.860000610351562,25.920795440673828,2353600
2020-04-13,26.65999984741211,26.860000610351562,26.219999313354492,26.329999923706055,25.409326553344727,1233200
2020-04-14,26.559999465942383,27.81999969482422,26.3700008392334,27.489999771118164,26.528762817382812,2299000
2020-04-15,27.049999237060547,27.3700008392334,26.729999542236328,26.84000015258789,25.9014949798584,1242400
2020-04-16,27.139999389648438,27.139999389648438,26.56999969482422,26.809999465942383,25.872539520263672,2851200
2020-04-17,27.149999618530273,27.309999465942383,25.950000762939453,26.149999618530273,25.235620498657227,4408300
2020-04-20,25.8700008392334,26.329999923706055,25.68000030517578,26.020000457763672,25.11016273498535,1934200
2020-04-21,25.6200008392334,25.829999923706055,25.270000457763672,25.649999618530273,24.753101348876953,2723300
2020-04-22,25.829999923706055,26.700000762939453,25.799999237060547,26.540000915527344,25.611982345581055,2399400
2020-04-23,26.479999542236328,26.59000015258789,26.059999465942383,26.170000076293945,25.254920959472656,1750000
2020-04-24,26.290000915527344,26.450000762939453,25.899999618530273,26.290000915527344,25.370725631713867,2766500
2020-04-27,27.15999984741211,27.25,25.739999771118164,25.860000610351562,24.95576286315918,6376300
2020-04-28,28.0,28.0,26.8799991607666,27.110000610351562,26.162052154541016,5411000
2020-04-29,27.100000381469727,27.389999389648438,26.260000228881836,26.690000534057617,25.756736755371094,2875700
2020-04-30,26.6200008392334,26.770000457763672,26.15999984741211,26.459999084472656,25.534778594970703,2849500
2020-05-01,26.25,26.3700008392334,25.729999542236328,25.899999618530273,24.99436378479004,1449400
2020-05-04,25.549999237060547,26.059999465942383,25.549999237060547,26.020000457763672,25.11016273498535,1484000
2020-05-05,26.059999465942383,26.510000228881836,26.059999465942383,26.260000228881836,25.341773986816406,1485800
2020-05-06,26.510000228881836,27.010000228881836,26.459999084472656,26.719999313354492,25.785688400268555,2545200
2020-05-07,26.579999923706055,26.90999984741211,26.149999618530273,26.360000610351562,25.438276290893555,5159500
2020-05-08,26.65999984741211,26.770000457763672,26.290000915527344,26.34000015258789,25.418975830078125,2578800
2020-05-11,26.329999923706055,27.030000686645508,26.1200008392334,26.93000030517578,25.988346099853516,4815700
2020-05-12,27.200000762939453,27.239999771118164,26.520000457763672,26.59000015258789,25.660234451293945,3109800
2020-05-13,26.950000762939453,27.100000381469727,26.25,26.420000076293945,25.496177673339844,11308700
2020-05-14,25.979999542236328,26.399999618530273,25.90999984741211,26.3700008392334,25.447927474975586,3036800
2020-05-15,26.479999542236328,26.690000534057617,26.260000228881836,26.299999237060547,25.380374908447266,2256600
2020-05-18,26.760000228881836,27.020000457763672,26.600000381469727,26.959999084472656,26.017295837402344,4420200
2020-05-19,27.010000228881836,27.479999542236328,27.010000228881836,27.219999313354492,26.268205642700195,4120800
2020-05-20,27.479999542236328,27.860000610351562,27.459999084472656,27.690000534057617,26.721771240234375,2507900
2020-05-21,26.8799991607666,27.18000030517578,26.739999771118164,26.8799991607666,25.940092086791992,9681200
2020-05-22,26.979999542236328,27.299999237060547,26.850000381469727,27.15999984741211,26.21030044555664,12958100
2020-05-26,27.520000457763672,27.579999923706055,26.920000076293945,26.93000030517578,25.988346099853516,6830300
2020-05-27,27.09000015258789,27.81999969482422,26.8700008392334,27.770000457763672,26.798973083496094,6696200
2020-05-28,28.0,28.450000762939453,27.770000457763672,27.780000686645508,26.808624267578125,5391700
2020-05-29,27.809999465942383,28.1200008392334,27.479999542236328,27.920000076293945,26.943727493286133,23927000
2020-06-01,28.18000030517578,28.489999771118164,28.06999969482422,28.360000610351562,27.368345260620117,4632000
2020-06-02,28.440000534057617,28.559999465942383,27.93000030517578,28.059999465942383,27.078832626342773,3107500
2020-06-03,28.229999542236328,28.920000076293945,28.18000030517578,28.469999313354492,27.474496841430664,5691400
2020-06-04,28.329999923706055,28.670000076293945,28.229999542236328,28.420000076293945,27.426246643066406,9260300
2020-06-05,28.610000610351562,29.219999313354492,28.5,28.690000534057617,27.686805725097656,11674100
2020-06-08,28.709999084472656,28.709999084472656,28.260000228881836,28.43000030517578,27.43589210510254,3689900
2020-06-09,28.219999313354492,28.56999969482422,27.959999084472656,28.329999923706055,27.339391708374023,5101600
2020-06-10,28.420000076293945,28.75,28.229999542236328,28.5,27.503448486328125,7828800
2020-06-11,28.889999389648438,29.239999771118164,28.219999313354492,28.34000015258789,27.349040985107422,3353900
2020-06-12,28.700000762939453,28.850000381469727,27.639999389648438,28.1200008392334,27.136737823486328,4435600
2020-06-15,27.809999465942383,28.600000381469727,27.649999618530273,28.579999923706055,27.580650329589844,2812400
2020-06-16,29.190000534057617,29.299999237060547,28.329999923706055,28.639999389648438,27.638551712036133,3619800
2020-06-17,28.6299991607666,29.100000381469727,28.56999969482422,28.739999771118164,27.735055923461914,1990600
2020-06-18,28.649999618530273,29.09000015258789,28.649999618530273,29.059999465942383,28.043865203857422,1618000
2020-06-19,29.31999969482422,29.459999084472656,28.700000762939453,28.709999084472656,27.70610237121582,3886000
2020-06-22,28.700000762939453,29.209999084472656,28.59000015258789,29.190000534057617,28.169321060180664,2603600
2020-06-23,29.290000915527344,29.579999923706055,29.020000457763672,29.030000686645508,28.014917373657227,2898300
2020-06-24,28.90999984741211,28.969999313354492,28.25,28.399999618530273,27.406944274902344,2162000
2020-06-25,28.3700008392334,28.600000381469727,28.18000030517578,28.399999618530273,27.406944274902344,5781400
2020-06-26,28.360000610351562,28.59000015258789,28.059999465942383,28.219999313354492,27.233238220214844,5824200
2020-06-29,28.34000015258789,28.479999542236328,27.920000076293945,28.299999237060547,27.31043815612793,2370900
2020-06-30,28.280000686645508,28.450000762939453,28.139999389648438,28.399999618530273,27.406944274902344,3112000
2020-07-01,28.360000610351562,28.770000457763672,28.31999969482422,28.670000076293945,27.814411163330078,2061500
2020-07-02,28.860000610351562,28.860000610351562,28.450000762939453,28.530000686645508,27.6785888671875,2339000
2020-07-06,28.649999618530273,28.729999542236328,28.34000015258789,28.559999465942383,27.707693099975586,1844500
2020-07-07,28.6299991607666,29.5,28.56999969482422,29.1200008392334,28.2509822845459,3496200
2020-07-08,29.0,29.06999969482422,28.450000762939453,28.610000610351562,27.756202697753906,2688100
2020-07-09,29.260000228881836,29.899999618530273,29.0,29.0,28.13456153869629,4159100
2020-07-10,29.030000686645508,29.209999084472656,28.760000228881836,29.200000762939453,28.328596115112305,1842600
2020-07-13,29.31999969482422,29.420000076293945,28.8799991607666,28.920000076293945,28.056949615478516,1981800
2020-07-14,28.809999465942383,29.3799991607666,28.75,29.34000015258789,28.46441650390625,1370300
2020-07-15,29.540000915527344,29.600000381469727,29.270000457763672,29.420000076293945,28.54202651977539,1545000
2020-07-16,29.450000762939453,29.65999984741211,29.31999969482422,29.559999465942383,28.6778507232666,1414800
2020-07-17,29.56999969482422,29.799999237060547,29.420000076293945,29.780000686645508,28.891284942626953,1973600
2020-07-20,29.780000686645508,29.950000762939453,29.690000534057617,29.770000457763672,28.88158416748047,2022400
2020-07-21,30.0,30.0,29.68000030517578,29.8799991607666,28.988300323486328,2326600
2020-07-22,30.030000686645508,30.3700008392334,29.84000015258789,30.299999237060547,29.395769119262695,1884900
2020-07-23,30.299999237060547,30.420000076293945,30.15999984741211,30.270000457763672,29.36666488647461,1435700
2020-07-24,30.15999984741211,30.3700008392334,30.049999237060547,30.34000015258789,29.434574127197266,999400
2020-07-27,30.540000915527344,30.969999313354492,30.489999771118164,30.959999084472656,30.036069869995117,1742900
2020-07-28,31.0,31.100000381469727,30.719999313354492,30.889999389648438,29.96816062927246,2406400
2020-07-29,31.18000030517578,31.469999313354492,30.959999084472656,31.260000228881836,30.327117919921875,2810100
2020-07-30,30.920000076293945,31.0,29.989999771118164,30.770000457763672,29.851741790771484,3639100
2020-07-31,31.190000534057617,31.25,30.420000076293945,30.59000015258789,29.677112579345703,3826100
2020-08-03,30.010000228881836,30.219999313354492,29.670000076293945,29.920000076293945,29.02710723876953,6314700
2020-08-04,29.809999465942383,30.1299991607666,29.780000686645508,29.950000762939453,29.05621337890625,2748500
2020-08-05,29.969999313354492,30.010000228881836,29.850000381469727,29.93000030517578,29.036808013916016,2765500
2020-08-06,29.979999542236328,29.979999542236328,29.739999771118164,29.829999923706055,28.93979263305664,1803300
2020-08-07,29.920000076293945,29.989999771118164,29.549999237060547,29.6299991607666,28.74576187133789,2369100
2020-08-10,29.489999771118164,29.829999923706055,29.329999923706055,29.760000228881836,28.87188148498535,3145500
2020-08-11,29.770000457763672,29.940000534057617,29.479999542236328,29.56999969482422,28.687551498413086,2590600
2020-08-12,29.729999542236328,30.280000686645508,29.6299991607666,30.110000610351562,29.211437225341797,2832800
2020-08-13,30.15999984741211,30.540000915527344,30.09000015258789,30.15999984741211,29.259944915771484,2916600
2020-08-14,30.170000076293945,30.170000076293945,29.760000228881836,29.889999389648438,28.998001098632812,3783200
2020-08-17,29.899999618530273,30.149999618530273,29.729999542236328,29.75,28.862178802490234,1970500
2020-08-18,28.739999771118164,29.260000228881836,28.350000381469727,29.100000381469727,28.231576919555664,22699100
2020-08-19,29.15999984741211,29.639999389648438,29.149999618530273,29.34000015258789,28.46441650390625,13832900
2020-08-20,29.149999618530273,29.43000030517578,29.010000228881836,29.190000534057617,28.318893432617188,8387400
2020-08-21,29.200000762939453,29.200000762939453,28.850000381469727,28.93000030517578,28.066652297973633,5055700
2020-08-24,28.989999771118164,29.190000534057617,28.81999969482422,29.15999984741211,28.28978729248047,4020200
2020-08-25,29.170000076293945,29.31999969482422,29.079999923706055,29.299999237060547,28.42560577392578,1875200
2020-08-26,29.90999984741211,30.059999465942383,29.59000015258789,29.799999237060547,28.910688400268555,7864100
2020-08-27,29.920000076293945,30.229999542236328,29.809999465942383,29.93000030517578,29.036808013916016,4615200
2020-08-28,30.0,30.09000015258789,29.68000030517578,30.06999969482422,29.172630310058594,2795100
2020-08-31,30.100000381469727,30.18000030517578,29.829999923706055,29.829999923706055,28.93979263305664,2524000
2020-09-01,29.920000076293945,30.030000686645508,29.790000915527344,29.950000762939453,29.05621337890625,4106800
2020-09-02,30.0,30.479999542236328,29.969999313354492,30.399999618530273,29.492780685424805,4358400
2020-09-03,30.459999084472656,30.559999465942383,29.59000015258789,29.799999237060547,28.910688400268555,3799800
2020-09-04,29.84000015258789,29.989999771118164,29.049999237060547,29.540000915527344,28.658451080322266,3141500
2020-09-08,29.360000610351562,29.450000762939453,28.6299991607666,28.860000610351562,27.998743057250977,3700700
2020-09-09,29.030000686645508,29.690000534057617,28.93000030517578,29.520000457763672,28.63904571533203,4140500
2020-09-10,28.979999542236328,29.079999923706055,28.510000228881836,28.530000686645508,27.6785888671875,9679500
2020-09-11,28.600000381469727,28.989999771118164,28.469999313354492,28.829999923706055,27.969635009765625,5990700
2020-09-14,28.989999771118164,29.079999923706055,28.739999771118164,28.809999465942383,27.950231552124023,3960300
2020-09-15,28.93000030517578,29.1200008392334,28.75,28.799999237060547,27.94053077697754,3510700
2020-09-16,28.899999618530273,28.989999771118164,28.399999618530273,28.43000030517578,27.581571578979492,2987600
2020-09-17,28.149999618530273,28.549999237060547,28.1200008392334,28.309999465942383,27.465152740478516,3468100
2020-09-18,28.43000030517578,28.43000030517578,27.8700008392334,28.049999237060547,27.21291160583496,5803600
2020-09-21,27.760000228881836,27.940000534057617,27.43000030517578,27.8700008392334,27.038286209106445,6586500
2020-09-22,27.979999542236328,28.219999313354492,27.770000457763672,27.850000381469727,27.01888084411621,5514300
2020-09-23,27.93000030517578,28.059999465942383,27.15999984741211,27.190000534057617,26.378578186035156,2376200
2020-09-24,27.3700008392334,27.520000457763672,27.0,27.260000228881836,26.446489334106445,3197200
2020-09-25,27.139999389648438,27.950000762939453,27.100000381469727,27.8799991607666,27.047983169555664,4276600
2020-09-28,28.110000610351562,28.260000228881836,27.81999969482422,27.84000015258789,27.009178161621094,2813500
2020-09-29,27.979999542236328,27.979999542236328,27.09000015258789,27.110000610351562,26.300966262817383,4577000
2020-09-30,27.139999389648438,27.6200008392334,27.139999389648438,27.600000381469727,26.776342391967773,6646100
2020-10-01,27.59000015258789,28.200000762939453,27.3799991607666,28.010000228881836,27.322601318359375,4908200
2020-10-02,27.6200008392334,28.190000534057617,27.6200008392334,28.09000015258789,27.400636672973633,3902600
2020-10-05,28.299999237060547,28.389999389648438,27.610000610351562,27.670000076293945,26.990942001342773,6182900
2020-10-06,27.65999984741211,28.219999313354492,27.610000610351562,28.030000686645508,27.34210968017578,5120800
2020-10-07,28.219999313354492,28.68000030517578,28.110000610351562,28.600000381469727,27.89811897277832,3493700
2020-10-08,28.68000030517578,28.899999618530273,28.559999465942383,28.700000762939453,27.99566650390625,2891800
2020-10-09,28.81999969482422,29.299999237060547,28.649999618530273,29.25,28.532169342041016,5359300
2020-10-12,30.100000381469727,30.31999969482422,29.75,29.799999237060547,29.06867027282715,6856800
2020-10-13,29.610000610351562,30.020000457763672,29.540000915527344,29.829999923706055,29.097932815551758,4424200
2020-10-14,29.940000534057617,30.110000610351562,29.540000915527344,29.670000076293945,28.941862106323242,5586100
2020-10-15,29.40999984741211,29.709999084472656,29.309999465942383,29.440000534057617,28.717504501342773,4350400
2020-10-16,29.3700008392334,30.0,29.270000457763672,29.760000228881836,29.029651641845703,56689800
2020-10-19,29.700000762939453,30.139999389648438,29.110000610351562,29.200000762939453,28.4833984375,6506400
2020-10-20,29.469999313354492,29.670000076293945,29.229999542236328,29.229999542236328,28.512659072875977,3726800
2020-10-21,29.0,29.329999923706055,28.799999237060547,29.15999984741211,28.444377899169922,3958500
2020-10-22,29.18000030517578,29.700000762939453,29.09000015258789,29.549999237060547,28.824806213378906,3770100
2020-10-23,29.799999237060547,29.889999389648438,29.1299991607666,29.209999084472656,28.493148803710938,4425300
2020-10-26,29.149999618530273,29.209999084472656,28.1200008392334,28.440000534057617,27.742050170898438,7958000
2020-10-27,28.5,28.760000228881836,28.299999237060547,28.600000381469727,27.89811897277832,6428500
2020-10-28,28.1299991607666,28.389999389648438,27.520000457763672,27.729999542236328,27.049470901489258,6262100
2020-10-29,27.389999389648438,27.8799991607666,27.18000030517578,27.190000534057617,26.522724151611328,5173100
2020-10-30,27.049999237060547,27.170000076293945,26.670000076293945,26.899999618530273,26.23984146118164,5757800
2020-11-02,27.299999237060547,27.549999237060547,26.719999313354492,27.040000915527344,26.376405715942383,4333500
2020-11-03,27.329999923706055,28.030000686645508,27.329999923706055,27.799999237060547,27.117753982543945,3558500
2020-11-04,28.799999237060547,28.8799991607666,28.040000915527344,28.229999542236328,27.537199020385742,5403600
2020-11-05,28.56999969482422,28.889999389648438,28.360000610351562,28.799999237060547,28.093212127685547,3796700
2020-11-06,29.020000457763672,29.020000457763672,28.530000686645508,28.65999984741211,27.956647872924805,2623000
2020-11-09,29.559999465942383,29.729999542236328,27.690000534057617,27.729999542236328,27.049470901489258,6770000
2020-11-10,27.25,28.479999542236328,27.1200008392334,28.3799991607666,27.683521270751953,6918700
2020-11-11,28.530000686645508,29.719999313354492,28.469999313354492,29.399999618530273,28.67848777770996,5090000
2020-11-12,29.510000228881836,29.540000915527344,28.790000915527344,29.049999237060547,28.33707618713379,3924100
2020-11-13,29.100000381469727,29.469999313354492,29.100000381469727,29.299999237060547,28.5809383392334,2348200
2020-11-16,29.299999237060547,29.68000030517578,29.09000015258789,29.450000762939453,28.727262496948242,5977100
2020-11-17,28.299999237060547,29.309999465942383,28.25,29.190000534057617,28.473642349243164,29406700
2020-11-18,29.450000762939453,29.760000228881836,29.290000915527344,29.510000228881836,28.785789489746094,16248300
2020-11-19,29.1200008392334,30.010000228881836,29.1200008392334,29.760000228881836,29.029651641845703,10576200
2020-11-20,29.530000686645508,30.010000228881836,29.520000457763672,29.84000015258789,29.107688903808594,3647100
2020-11-23,29.959999084472656,30.0,29.649999618530273,29.829999923706055,29.097932815551758,4282700
2020-11-24,30.0,30.100000381469727,29.860000610351562,29.889999389648438,29.156461715698242,6100900
2020-11-25,30.09000015258789,30.450000762939453,29.979999542236328,30.329999923706055,29.585664749145508,3985400
2020-11-27,30.479999542236328,30.770000457763672,30.329999923706055,30.760000228881836,30.005111694335938,2812900
2020-11-30,30.799999237060547,30.84000015258789,29.959999084472656,30.450000762939453,29.702720642089844,17911700
2020-12-01,30.6200008392334,30.670000076293945,30.290000915527344,30.450000762939453,29.702720642089844,4533000
2020-12-02,30.610000610351562,30.610000610351562,29.889999389648438,30.079999923706055,29.341798782348633,2982200
2020-12-03,30.079999923706055,30.389999389648438,29.940000534057617,30.100000381469727,29.361309051513672,2933100
2020-12-04,30.299999237060547,30.600000381469727,30.079999923706055,30.530000686645508,29.780757904052734,2978700
2020-12-07,30.520000457763672,30.84000015258789,30.479999542236328,30.709999084472656,29.956336975097656,3369500
2020-12-08,30.600000381469727,30.829999923706055,30.09000015258789,30.170000076293945,29.429590225219727,5886500
2020-12-09,30.280000686645508,30.389999389648438,30.06999969482422,30.260000228881836,29.51738166809082,5433400
2020-12-10,30.479999542236328,30.639999389648438,30.059999465942383,30.18000030517578,29.439346313476562,5836800
2020-12-11,30.229999542236328,30.459999084472656,30.010000228881836,30.360000610351562,29.61492919921875,3162800
2020-12-14,30.450000762939453,30.84000015258789,30.149999618530273,30.350000381469727,29.605175018310547,7516200
2020-12-15,30.350000381469727,30.399999618530273,29.989999771118164,30.190000534057617,29.449098587036133,5444100
2020-12-16,30.170000076293945,30.68000030517578,30.170000076293945,30.639999389648438,29.888057708740234,2538500
2020-12-17,30.6200008392334,31.18000030517578,30.6200008392334,31.1299991607666,30.366029739379883,4743800
2020-12-18,31.34000015258789,31.479999542236328,30.520000457763672,30.93000030517578,30.17093849182129,11345200
2020-12-21,30.56999969482422,30.90999984741211,30.3799991607666,30.770000457763672,30.014867782592773,3213200
2020-12-22,30.760000228881836,31.139999389648438,30.670000076293945,31.06999969482422,30.30750274658203,2566900
2020-12-23,30.770000457763672,31.739999771118164,30.690000534057617,31.610000610351562,30.834251403808594,2889300
2020-12-24,31.600000381469727,31.899999618530273,31.559999465942383,31.8799991607666,31.097623825073242,1668800
2020-12-28,32.0,32.13999938964844,31.65999984741211,31.989999771118164,31.204925537109375,2310300
2020-12-29,32.099998474121094,32.2400016784668,31.860000610351562,32.0,31.214677810668945,3084300
2020-12-30,32.040000915527344,32.220001220703125,31.790000915527344,31.81999969482422,31.03909683227539,2320200
2020-12-31,31.899999618530273,32.099998474121094,31.65999984741211,32.0,31.214677810668945,2692100
2021-01-04,32.06999969482422,32.15999984741211,31.040000915527344,31.59000015258789,30.814743041992188,4293700
2021-01-05,31.610000610351562,31.709999084472656,31.25,31.639999389648438,30.863515853881836,2999900
2021-01-06,30.829999923706055,32.060001373291016,30.809999465942383,31.760000228881836,30.98056983947754,4706700
2021-01-07,31.329999923706055,31.81999969482422,31.299999237060547,31.799999237060547,31.166784286499023,8330400
2021-01-08,31.6200008392334,32.02000045776367,31.510000228881836,32.0,31.362804412841797,4995100
2021-01-11,32.09000015258789,32.099998474121094,31.280000686645508,31.360000610351562,30.73554801940918,4322400
2021-01-12,31.690000534057617,31.709999084472656,31.139999389648438,31.360000610351562,30.73554801940918,3363900
2021-01-13,31.280000686645508,31.700000762939453,31.200000762939453,31.65999984741211,31.029573440551758,3429000
2021-01-14,31.559999465942383,31.739999771118164,31.299999237060547,31.540000915527344,30.911962509155273,4282200
2021-01-15,31.479999542236328,32.08000183105469,31.34000015258789,31.860000610351562,31.225589752197266,8525400
2021-01-19,31.860000610351562,32.099998474121094,31.610000610351562,31.81999969482422,31.186386108398438,4542800
2021-01-20,31.84000015258789,32.040000915527344,31.3700008392334,31.950000762939453,31.313800811767578,3344100
2021-01-21,31.969999313354492,31.969999313354492,31.5,31.540000915527344,30.911962509155273,2972700
2021-01-22,31.520000457763672,31.709999084472656,31.280000686645508,31.469999313354492,30.84335708618164,2368500
2021-01-25,31.469999313354492,32.220001220703125,31.450000762939453,32.029998779296875,31.39220428466797,4544100
2021-01-26,32.029998779296875,32.72999954223633,31.959999084472656,32.630001068115234,31.980257034301758,7078400
2021-01-27,32.56999969482422,33.4900016784668,32.45000076293945,33.20000076293945,32.53890609741211,10163700
2021-01-28,33.150001525878906,33.689998626708984,32.38999938964844,32.41999816894531,31.774436950683594,5299600
2021-01-29,31.850000381469727,32.58000183105469,31.760000228881836,31.799999237060547,31.166784286499023,4472700
2021-02-01,32.0,32.15999984741211,31.75,31.920000076293945,31.28439712524414,2986500
2021-02-02,31.950000762939453,32.41999816894531,31.700000762939453,31.989999771118164,31.353002548217773,4158700
2021-02-03,31.860000610351562,32.209999084472656,31.360000610351562,31.920000076293945,31.28439712524414,3796700
2021-02-04,31.860000610351562,32.31999969482422,31.6200008392334,32.29999923706055,31.656827926635742,4090800
2021-02-05,32.439998626708984,32.83000183105469,32.209999084472656,32.529998779296875,31.88224983215332,3576000
2021-02-08,32.5,32.7400016784668,31.889999389648438,32.099998474121094,31.460811614990234,4521400
2021-02-09,32.029998779296875,32.459999084472656,31.829999923706055,32.400001525878906,31.754837036132812,2469300
2021-02-10,32.599998474121094,32.630001068115234,31.8799991607666,32.029998779296875,31.39220428466797,2703500
2021-02-11,31.979999542236328,32.2599983215332,31.75,31.90999984741211,31.27459716796875,3421500
2021-02-12,31.93000030517578,31.93000030517578,31.549999237060547,31.770000457763672,31.13738250732422,3497800
2021-02-16,31.75,31.799999237060547,31.260000228881836,31.420000076293945,30.794353485107422,3841500
2021-02-17,31.520000457763672,31.670000076293945,31.260000228881836,31.65999984741211,31.029573440551758,4298100
2021-02-18,31.510000228881836,31.780000686645508,31.260000228881836,31.739999771118164,31.107980728149414,3697300
2021-02-19,31.600000381469727,31.809999465942383,31.18000030517578,31.239999771118164,30.617937088012695,3174300
2021-02-22,31.260000228881836,31.760000228881836,31.059999465942383,31.68000030517578,31.049175262451172,5655800
2021-02-23,31.940000534057617,32.2400016784668,31.360000610351562,31.790000915527344,31.156986236572266,4480300
2021-02-24,31.59000015258789,31.68000030517578,31.040000915527344,31.459999084472656,30.833553314208984,4702200
2021-02-25,31.200000762939453,32.08000183105469,30.420000076293945,30.860000610351562,30.245502471923828,5883300
2021-02-26,30.920000076293945,31.190000534057617,30.280000686645508,30.520000457763672,29.912273406982422,7687100
2021-03-01,30.780000686645508,31.100000381469727,30.450000762939453,30.889999389648438,30.274906158447266,5082500
2021-03-02,30.950000762939453,31.15999984741211,30.729999542236328,30.780000686645508,30.167095184326172,4153100
2021-03-03,30.649999618530273,31.190000534057617,30.56999969482422,30.6200008392334,30.010284423828125,5124700
2021-03-04,30.770000457763672,31.450000762939453,30.65999984741211,30.8799991607666,30.26510238647461,4910700
2021-03-05,31.1200008392334,31.739999771118164,30.93000030517578,31.530000686645508,30.902162551879883,5867300
2021-03-08,31.75,32.66999816894531,31.559999465942383,32.470001220703125,31.82344627380371,7160700
2021-03-09,32.689998626708984,33.31999969482422,32.599998474121094,33.09000015258789,32.43109893798828,8710200
2021-03-10,33.34000015258789,34.04999923706055,33.290000915527344,33.560001373291016,32.89173889160156,9881100
2021-03-11,33.369998931884766,33.65999984741211,33.09000015258789,33.29999923706055,32.63691711425781,6253700
2021-03-12,33.290000915527344,33.38999938964844,32.70000076293945,33.369998931884766,32.70552062988281,5175000
2021-03-15,33.83000183105469,33.83000183105469,33.20000076293945,33.58000183105469,32.911338806152344,6424700
2021-03-16,33.68000030517578,34.22999954223633,33.650001525878906,34.09000015258789,33.411190032958984,7239500
2021-03-17,33.560001373291016,34.22999954223633,33.5,34.099998474121094,33.42098617553711,7518500
2021-03-18,33.93000030517578,34.15999984741211,33.689998626708984,33.88999938964844,33.21516799926758,5919700
2021-03-19,34.58000183105469,34.630001068115234,34.08000183105469,34.13999938964844,33.4601936340332,22880600
2021-03-22,34.0,34.72999954223633,33.849998474121094,34.58000183105469,33.89143371582031,7388300
2021-03-23,34.86000061035156,34.939998626708984,34.45000076293945,34.61000061035156,33.920833587646484,7575200
2021-03-24,34.52000045776367,34.59000015258789,34.310001373291016,34.369998931884766,33.68560791015625,4258300
2021-03-25,34.68000030517578,34.790000915527344,34.36000061035156,34.540000915527344,33.85222625732422,5260900
2021-03-26,34.18000030517578,35.310001373291016,34.150001525878906,35.2400016784668,34.53828811645508,7303100
2021-03-29,35.220001220703125,35.56999969482422,34.9900016784668,35.4900016784668,34.78330993652344,6222900
2021-03-30,35.43000030517578,35.5099983215332,34.779998779296875,34.90999984741211,34.2148551940918,5126900
2021-03-31,34.72999954223633,35.0099983215332,34.36000061035156,34.369998931884766,33.83097457885742,6273100
2021-04-01,34.400001525878906,34.720001220703125,34.22999954223633,34.5,33.95893478393555,6344500
2021-04-05,34.470001220703125,35.11000061035156,34.43000030517578,35.0,34.45109558105469,6008600
2021-04-06,34.88999938964844,35.25,34.7599983215332,35.06999969482422,34.519996643066406,8746900
2021-04-07,35.220001220703125,35.33000183105469,35.04999923706055,35.27000045776367,34.71685791015625,4018900
2021-04-08,35.33000183105469,35.4900016784668,35.2400016784668,35.310001373291016,34.75623321533203,7082100
2021-04-09,35.310001373291016,35.349998474121094,34.900001525878906,35.16999816894531,34.61842727661133,5654100
2021-04-12,35.2400016784668,35.599998474121094,35.11000061035156,35.4900016784668,34.93341064453125,4741500
2021-04-13,35.40999984741211,35.61000061035156,35.22999954223633,35.380001068115234,34.825138092041016,3646600
2021-04-14,35.439998626708984,35.5099983215332,35.209999084472656,35.36000061035156,34.805450439453125,3739400
2021-04-15,35.54999923706055,35.97999954223633,35.54999923706055,35.83000183105469,35.26808166503906,8546300
2021-04-16,35.79999923706055,36.04999923706055,35.68000030517578,36.0099983215332,35.445255279541016,4964200
2021-04-19,36.099998474121094,36.29999923706055,35.83000183105469,36.130001068115234,35.563377380371094,3660900
2021-04-20,35.97999954223633,36.380001068115234,35.95000076293945,36.16999816894531,35.602745056152344,3601200
2021-04-21,36.18000030517578,36.45000076293945,36.09000015258789,36.310001373291016,35.74055099487305,3123900
2021-04-22,35.9900016784668,36.2599983215332,35.849998474121094,36.029998779296875,35.464942932128906,4138900
2021-04-23,35.959999084472656,36.279998779296875,35.86000061035156,36.18000030517578,35.61259078979492,2812500
2021-04-26,36.02000045776367,36.150001525878906,35.54999923706055,35.61000061035156,35.05152893066406,3511000
2021-04-27,35.529998779296875,35.70000076293945,35.279998779296875,35.5099983215332,34.953094482421875,6681900
2021-04-28,35.52000045776367,35.77000045776367,35.189998626708984,35.209999084472656,34.65780258178711,4007600
2021-04-29,35.16999816894531,36.040000915527344,35.16999816894531,35.939998626708984,35.3763542175293,5074800
2021-04-30,35.91999816894531,35.9900016784668,35.25,35.849998474121094,35.28776168823242,4092700
2021-05-03,35.970001220703125,36.369998931884766,35.83000183105469,36.06999969482422,35.504310607910156,2941600
2021-05-04,36.099998474121094,36.310001373291016,35.650001525878906,35.720001220703125,35.1598014831543,4071800
2021-05-05,35.599998474121094,36.119998931884766,35.5099983215332,35.9900016784668,35.42557144165039,3231900
2021-05-06,36.310001373291016,36.43000030517578,36.040000915527344,36.33000183105469,35.76023864746094,3684800
2021-05-07,36.34000015258789,36.650001525878906,36.18000030517578,36.599998474121094,36.0260009765625,3212200
2021-05-10,36.59000015258789,36.810001373291016,36.279998779296875,36.380001068115234,35.80945587158203,3440200
2021-05-11,36.43000030517578,36.43000030517578,35.5099983215332,35.75,35.189334869384766,3615000
2021-05-12,35.5099983215332,35.790000915527344,35.25,35.43000030517578,34.87435531616211,5232200
2021-05-13,35.40999984741211,35.939998626708984,35.380001068115234,35.720001220703125,35.1598014831543,2797600
2021-05-14,36.060001373291016,36.2599983215332,35.869998931884766,36.04999923706055,35.484622955322266,2992900
2021-05-17,36.04999923706055,36.279998779296875,35.83000183105469,35.970001220703125,35.4058837890625,2446500
2021-05-18,36.04999923706055,36.2400016784668,35.939998626708984,36.0,35.4354133605957,2785200
2021-05-19,35.84000015258789,36.02000045776367,35.56999969482422,35.790000915527344,35.22870635986328,3031200
2021-05-20,35.599998474121094,36.47999954223633,35.599998474121094,36.38999938964844,35.819297790527344,3111500
2021-05-21,36.65999984741211,36.72999954223633,36.15999984741211,36.2400016784668,35.67164993286133,2753200
2021-05-24,36.5099983215332,36.97999954223633,36.41999816894531,36.86000061035156,36.28192138671875,3629700
2021-05-25,36.86000061035156,36.939998626708984,36.4900016784668,36.5,35.92756652832031,3436800
2021-05-26,36.58000183105469,36.77000045776367,36.38999938964844,36.540000915527344,35.96694564819336,2956600
2021-05-27,36.97999954223633,37.11000061035156,36.54999923706055,36.650001525878906,36.075218200683594,12969700
2021-05-28,36.7599983215332,37.09000015258789,36.7599983215332,36.959999084472656,36.38035583496094,3378400
2021-06-01,37.0,37.099998474121094,36.77000045776367,36.88999938964844,36.31145477294922,3655700
2021-06-02,36.88999938964844,37.09000015258789,36.68000030517578,37.04999923706055,36.46894073486328,2982900
2021-06-03,36.77000045776367,36.97999954223633,36.52000045776367,36.91999816894531,36.34098434448242,3655700
2021-06-04,37.029998779296875,37.060001373291016,36.779998779296875,36.90999984741211,36.33114242553711,3476600
2021-06-07,36.91999816894531,36.95000076293945,36.68000030517578,36.84000015258789,36.262237548828125,2026200
2021-06-08,35.41999816894531,35.560001373291016,34.650001525878906,35.25,34.69717788696289,18531000
2021-06-09,35.22999954223633,35.34000015258789,34.95000076293945,34.97999954223633,34.43141174316406,5185700
2021-06-10,34.97999954223633,35.34000015258789,34.900001525878906,34.939998626708984,34.392032623291016,10553700
2021-06-11,35.02000045776367,35.22999954223633,34.790000915527344,35.22999954223633,34.677490234375,10095100
2021-06-14,35.150001525878906,35.16999816894531,34.540000915527344,34.849998474121094,34.30344772338867,6412700
2021-06-15,34.959999084472656,35.0099983215332,34.41999816894531,34.68000030517578,34.136112213134766,7822900
2021-06-16,34.7599983215332,34.7599983215332,34.22999954223633,34.2400016784668,33.70301818847656,6354200
2021-06-17,34.15999984741211,34.66999816894531,33.959999084472656,34.4900016784668,33.949092864990234,6435900
2021-06-18,34.400001525878906,34.68000030517578,34.130001068115234,34.52000045776367,33.97862243652344,16763800
2021-06-21,34.5099983215332,34.81999969482422,34.20000076293945,34.290000915527344,33.75223159790039,5672200
2021-06-22,34.36000061035156,34.779998779296875,34.27000045776367,34.77000045776367,34.224700927734375,7131100
2021-06-23,34.66999816894531,34.79999923706055,34.439998626708984,34.4900016784668,33.949092864990234,3928800
2021-06-24,34.5099983215332,34.650001525878906,34.400001525878906,34.59000015258789,34.04752731323242,4202400
2021-06-25,34.540000915527344,34.939998626708984,34.43000030517578,34.86000061035156,34.313289642333984,3851200
2021-06-28,34.9900016784668,35.0099983215332,34.720001220703125,34.880001068115234,34.332977294921875,5673800
2021-06-29,35.29999923706055,35.369998931884766,34.97999954223633,35.2400016784668,34.68733596801758,5117300
2021-06-30,35.13999938964844,35.33000183105469,34.9900016784668,35.2400016784668,34.87288284301758,4075700
2021-07-01,35.18000030517578,35.459999084472656,35.06999969482422,35.220001220703125,34.85308837890625,5060900
2021-07-02,35.369998931884766,35.61000061035156,35.09000015258789,35.18000030517578,34.81350326538086,4527000
2021-07-06,35.040000915527344,35.13999938964844,34.66999816894531,34.93000030517578,34.56610870361328,5065200
2021-07-07,34.97999954223633,35.209999084472656,34.900001525878906,35.0,34.6353759765625,3867700
2021-07-08,34.849998474121094,35.060001373291016,34.630001068115234,34.77000045776367,34.40777587890625,5728100
2021-07-09,34.84000015258789,35.0099983215332,34.779998779296875,35.0,34.6353759765625,4393700
2021-07-12,34.93000030517578,35.060001373291016,34.7599983215332,34.97999954223633,34.6155891418457,5983100
2021-07-13,35.04999923706055,35.52000045776367,34.959999084472656,35.02000045776367,34.65517044067383,5123500
2021-07-14,35.099998474121094,35.599998474121094,34.95000076293945,35.5,35.13016891479492,4860000
2021-07-15,35.58000183105469,36.02000045776367,35.439998626708984,36.0099983215332,35.63485336303711,9211100
2021-07-16,35.95000076293945,36.15999984741211,35.70000076293945,35.880001068115234,35.5062141418457,6501400
2021-07-19,35.959999084472656,36.119998931884766,35.349998474121094,35.58000183105469,35.20933532714844,4781500
2021-07-20,35.68000030517578,36.15999984741211,35.5099983215332,35.88999938964844,35.51610565185547,5332700
2021-07-21,35.900001525878906,36.0099983215332,35.47999954223633,35.5,35.13016891479492,2972000
2021-07-22,35.459999084472656,35.7599983215332,35.25,35.72999954223633,35.35777282714844,3617900
2021-07-23,35.79999923706055,36.20000076293945,35.63999938964844,36.06999969482422,35.69423294067383,3005800
2021-07-26,36.029998779296875,36.25,35.939998626708984,36.04999923706055,35.6744384765625,3540900
2021-07-27,36.040000915527344,36.220001220703125,35.41999816894531,35.5099983215332,35.14006423950195,5969200
2021-07-28,35.33000183105469,35.52000045776367,35.16999816894531,35.33000183105469,34.96194076538086,4113200
2021-07-29,35.310001373291016,35.47999954223633,34.849998474121094,34.95000076293945,34.585899353027344,4452400
2021-07-30,35.0,35.400001525878906,34.970001220703125,35.209999084472656,34.84318923950195,4365400
2021-08-02,34.29999923706055,34.529998779296875,33.959999084472656,34.38999938964844,34.031734466552734,10144800
2021-08-03,34.529998779296875,34.86000061035156,34.31999969482422,34.81999969482422,34.45725631713867,5675500
2021-08-04,34.849998474121094,34.900001525878906,34.209999084472656,34.369998931884766,34.011940002441406,4942700
2021-08-05,34.47999954223633,34.63999938964844,34.279998779296875,34.459999084472656,34.10100173950195,4421700
2021-08-06,34.38999938964844,34.54999923706055,34.20000076293945,34.290000915527344,33.932777404785156,5282700
2021-08-09,34.290000915527344,34.439998626708984,34.16999816894531,34.369998931884766,34.011940002441406,7122200
2021-08-10,34.33000183105469,34.52000045776367,34.27000045776367,34.369998931884766,34.011940002441406,5296300
2021-08-11,34.59000015258789,34.72999954223633,34.41999816894531,34.65999984741211,34.29892349243164,3638500
2021-08-12,34.65999984741211,34.720001220703125,34.38999938964844,34.400001525878906,34.04163360595703,2593600
2021-08-13,34.400001525878906,34.599998474121094,34.310001373291016,34.45000076293945,34.09111022949219,2931000
2021-08-16,34.47999954223633,35.16999816894531,34.41999816894531,35.130001068115234,34.7640266418457,4428800
2021-08-17,35.150001525878906,35.150001525878906,34.560001373291016,34.650001525878906,34.28902816772461,4011900
2021-08-18,34.56999969482422,34.81999969482422,34.290000915527344,34.380001068115234,34.0218391418457,4163400
2021-08-19,34.34000015258789,34.95000076293945,34.31999969482422,34.88999938964844,34.52652359008789,3878200
2021-08-20,34.880001068115234,35.06999969482422,34.790000915527344,34.81999969482422,34.45725631713867,2521700
2021-08-23,34.79999923706055,35.150001525878906,34.779998779296875,35.029998779296875,34.66506576538086,3193200
2021-08-24,34.970001220703125,35.09000015258789,34.7599983215332,34.970001220703125,34.60569381713867,2452600
2021-08-25,34.84000015258789,35.029998779296875,34.599998474121094,34.91999816894531,34.556209564208984,4472200
2021-08-26,34.900001525878906,35.09000015258789,34.83000183105469,34.970001220703125,34.60569381713867,3185500
2021-08-27,35.11000061035156,35.22999954223633,34.88999938964844,35.130001068115234,34.7640266418457,3894400
2021-08-30,35.0,35.29999923706055,35.0,35.2599983215332,34.89266586303711,2602900
2021-08-31,35.189998626708984,35.75,35.130001068115234,35.66999816894531,35.298397064208984,6717100
2021-09-01,35.7599983215332,35.869998931884766,35.599998474121094,35.7400016784668,35.367671966552734,3240600
2021-09-02,35.7599983215332,35.970001220703125,35.56999969482422,35.86000061035156,35.486419677734375,3338100
2021-09-03,35.599998474121094,35.68000030517578,35.15999984741211,35.2400016784668,34.87288284301758,5148100
2021-09-07,35.040000915527344,35.13999938964844,34.619998931884766,34.77000045776367,34.40777587890625,5473200
2021-09-08,34.91999816894531,35.31999969482422,34.81999969482422,35.290000915527344,34.922359466552734,3761900
2021-09-09,35.290000915527344,35.290000915527344,34.79999923706055,34.83000183105469,34.46714782714844,3967100
2021-09-10,34.83000183105469,35.06999969482422,34.68000030517578,34.83000183105469,34.46714782714844,5334500
2021-09-13,34.939998626708984,35.29999923706055,34.90999984741211,35.150001525878906,34.783817291259766,3559500
2021-09-14,35.2599983215332,35.36000061035156,34.959999084472656,35.02000045776367,34.65517044067383,2376200
2021-09-15,35.040000915527344,35.5099983215332,34.91999816894531,35.41999816894531,35.05099868774414,3545700
2021-09-16,35.31999969482422,35.58000183105469,35.189998626708984,35.4900016784668,35.120277404785156,2459000
2021-09-17,35.439998626708984,35.4900016784668,34.470001220703125,34.90999984741211,34.54631805419922,18132500
2021-09-20,34.91999816894531,34.91999816894531,34.119998931884766,34.31999969482422,33.96246337890625,6339000
2021-09-21,34.540000915527344,34.70000076293945,33.83000183105469,33.9900016784668,33.635902404785156,9602600
2021-09-22,34.0,34.470001220703125,33.93000030517578,34.33000183105469,33.97235870361328,9742300
2021-09-23,34.290000915527344,34.470001220703125,34.209999084472656,34.29999923706055,33.94266891479492,5581400
2021-09-24,34.2599983215332,34.349998474121094,33.84000015258789,33.869998931884766,33.51715087890625,6719400
2021-09-27,33.779998779296875,34.349998474121094,33.77000045776367,34.0099983215332,33.65568923950195,6453600
2021-09-28,33.84000015258789,34.16999816894531,33.7400016784668,34.040000915527344,33.68537902832031,10209000
2021-09-29,34.08000183105469,35.0099983215332,33.95000076293945,34.63999938964844,34.27912902832031,8728300
2021-09-30,34.59000015258789,34.709999084472656,34.150001525878906,34.15999984741211,33.988101959228516,6257400
2021-10-01,35.08000183105469,35.2599983215332,33.09000015258789,33.20000076293945,33.03293228149414,15124600
2021-10-04,33.02000045776367,33.279998779296875,32.439998626708984,32.720001220703125,32.55534744262695,9622000
2021-10-05,32.7599983215332,33.79999923706055,32.720001220703125,33.43000030517578,33.261775970458984,7410100
2021-10-06,33.189998626708984,34.13999938964844,33.08000183105469,34.11000061035156,33.9383544921875,7420500
2021-10-07,34.279998779296875,35.02000045776367,34.119998931884766,35.0099983215332,34.83382034301758,8532500
2021-10-08,34.9900016784668,35.2400016784668,34.810001373291016,35.040000915527344,34.86367416381836,6099600
2021-10-11,35.099998474121094,35.279998779296875,34.88999938964844,35.130001068115234,34.95322036743164,5606700
2021-10-12,35.189998626708984,35.29999923706055,34.95000076293945,35.15999984741211,34.98306655883789,10416500
2021-10-13,35.33000183105469,35.93000030517578,35.27000045776367,35.90999984741211,35.72929382324219,8727600
2021-10-14,36.0,36.529998779296875,35.4900016784668,35.59000015258789,35.41090393066406,9785000
2021-10-15,35.630001068115234,35.68000030517578,35.040000915527344,35.310001373291016,35.13231658935547,5894600
2021-10-18,35.209999084472656,35.25,34.72999954223633,34.7599983215332,34.585079193115234,4628400
2021-10-19,34.75,34.81999969482422,34.43000030517578,34.75,34.575130462646484,2993800
2021-10-20,34.869998931884766,35.11000061035156,34.7400016784668,34.900001525878906,34.7243766784668,3015700
2021-10-21,34.77000045776367,34.869998931884766,34.22999954223633,34.380001068115234,34.206993103027344,4347900
2021-10-22,34.45000076293945,34.790000915527344,34.439998626708984,34.65999984741211,34.4855842590332,3067500
2021-10-25,34.720001220703125,34.72999954223633,34.38999938964844,34.439998626708984,34.26668930053711,3442800
2021-10-26,34.470001220703125,34.66999816894531,34.279998779296875,34.58000183105469,34.40599060058594,3193200
2021-10-27,34.66999816894531,34.70000076293945,34.130001068115234,34.20000076293945,34.02790069580078,4506600
2021-10-28,34.5,35.5099983215332,34.279998779296875,35.4900016784668,35.31140899658203,5121100
2021-10-29,35.529998779296875,36.41999816894531,35.38999938964844,36.09000015258789,35.908390045166016,7624500
2021-11-01,35.939998626708984,36.459999084472656,35.810001373291016,36.400001525878906,36.21683120727539,5263400
2021-11-02,36.45000076293945,36.529998779296875,35.79999923706055,35.970001220703125,35.78899383544922,4208800
2021-11-03,35.810001373291016,36.16999816894531,35.689998626708984,36.09000015258789,35.908390045166016,6673400
2021-11-04,36.08000183105469,36.40999984741211,35.97999954223633,36.150001525878906,35.96808624267578,3088800
2021-11-05,36.349998474121094,36.5,36.20000076293945,36.380001068115234,36.196929931640625,4523200
2021-11-08,36.400001525878906,36.58000183105469,35.470001220703125,35.7599983215332,35.580047607421875,5731900
2021-11-09,35.81999969482422,36.2400016784668,35.709999084472656,35.779998779296875,35.59994888305664,6364300
2021-11-10,35.869998931884766,36.2599983215332,35.689998626708984,35.869998931884766,35.68949508666992,9510200
2021-11-11,35.900001525878906,35.900001525878906,35.540000915527344,35.619998931884766,35.44075393676758,2533000
2021-11-12,35.650001525878906,35.86000061035156,35.459999084472656,35.66999816894531,35.490501403808594,3839600
2021-11-15,35.56999969482422,35.709999084472656,35.400001525878906,35.709999084472656,35.53030014038086,2316700
2021-11-16,35.9900016784668,36.06999969482422,35.560001373291016,35.58000183105469,35.40095520019531,3344800
2021-11-17,35.4900016784668,35.709999084472656,35.33000183105469,35.68000030517578,35.50045394897461,3429900
2021-11-18,35.650001525878906,35.709999084472656,35.36000061035156,35.56999969482422,35.39100646972656,4703700
2021-11-19,35.56999969482422,35.56999969482422,35.0099983215332,35.15999984741211,34.98306655883789,4255900
2021-11-22,35.150001525878906,35.900001525878906,34.75,35.86000061035156,35.67954635620117,5887100
2021-11-23,35.86000061035156,36.220001220703125,35.619998931884766,35.90999984741211,35.72929382324219,4522600
2021-11-24,35.900001525878906,35.91999816894531,35.380001068115234,35.619998931884766,35.44075393676758,3885900
2021-11-26,35.619998931884766,35.619998931884766,34.91999816894531,34.97999954223633,34.80397415161133,2846500
2021-11-29,34.650001525878906,35.27000045776367,34.650001525878906,35.16999816894531,34.99301528930664,3977500
2021-11-30,35.16999816894531,35.16999816894531,33.790000915527344,33.9900016784668,33.8189582824707,5796000
2021-12-01,34.380001068115234,34.40999984741211,33.540000915527344,33.560001373291016,33.39112091064453,4991600
2021-12-02,33.790000915527344,34.380001068115234,33.790000915527344,34.15999984741211,33.988101959228516,6371200
2021-12-03,34.290000915527344,34.5099983215332,33.9900016784668,34.470001220703125,34.29654312133789,7301700
2021-12-06,34.79999923706055,35.09000015258789,34.66999816894531,34.79999923706055,34.6248779296875,5610100
2021-12-07,34.650001525878906,35.0099983215332,34.43000030517578,34.93000030517578,34.75422668457031,5232800
2021-12-08,34.70000076293945,34.93000030517578,34.349998474121094,34.810001373291016,34.634830474853516,5109700
2021-12-09,34.70000076293945,34.790000915527344,34.279998779296875,34.59000015258789,34.41593551635742,5401100
2021-12-10,34.810001373291016,35.59000015258789,34.72999954223633,35.31999969482422,35.14226150512695,5941500
2021-12-13,35.369998931884766,35.54999923706055,35.16999816894531,35.29999923706055,35.12236404418945,5709400
2021-12-14,35.279998779296875,35.4900016784668,35.029998779296875,35.060001373291016,34.88357162475586,7993300
2021-12-15,35.060001373291016,35.779998779296875,35.04999923706055,35.650001525878906,35.470603942871094,6516900
2021-12-16,35.58000183105469,36.029998779296875,35.47999954223633,35.70000076293945,35.52035140991211,7527500
2021-12-17,35.56999969482422,36.04999923706055,35.47999954223633,35.68000030517578,35.50045394897461,10614800
2021-12-20,35.20000076293945,35.540000915527344,35.060001373291016,35.47999954223633,35.301456451416016,4841200
2021-12-21,35.529998779296875,35.61000061035156,35.150001525878906,35.31999969482422,35.14226150512695,4734900
2021-12-22,35.29999923706055,35.90999984741211,35.16999816894531,35.869998931884766,35.68949508666992,5576900
2021-12-23,35.90999984741211,36.029998779296875,35.63999938964844,35.939998626708984,35.7591438293457,6120300
2021-12-27,35.63999938964844,36.13999938964844,35.63999938964844,36.11000061035156,35.928287506103516,2842300
2021-12-28,36.08000183105469,36.380001068115234,36.040000915527344,36.369998931884766,36.18697738647461,2509700
2021-12-29,36.33000183105469,36.66999816894531,36.279998779296875,36.58000183105469,36.39592361450195,3438600
2021-12-30,36.689998626708984,36.97999954223633,36.63999938964844,36.68000030517578,36.495418548583984,4015000
2021-12-31,36.63999938964844,36.95000076293945,36.470001220703125,36.86000061035156,36.67451477050781,3726600
2022-01-03,36.63999938964844,36.7599983215332,36.25,36.709999084472656,36.5252685546875,3508900
2022-01-04,36.790000915527344,37.400001525878906,36.77000045776367,37.2599983215332,37.0724983215332,5305600
2022-01-05,36.93000030517578,37.540000915527344,36.77000045776367,37.029998779296875,37.029998779296875,5777400
2022-01-06,36.97999954223633,37.88999938964844,36.97999954223633,37.43000030517578,37.43000030517578,6505000
2022-01-07,37.29999923706055,37.40999984741211,36.9900016784668,37.29999923706055,37.29999923706055,4939200
2022-01-10,37.36000061035156,37.54999923706055,37.119998931884766,37.310001373291016,37.310001373291016,7937500
2022-01-11,37.220001220703125,37.900001525878906,37.0,37.83000183105469,37.83000183105469,7580500
2022-01-12,37.7400016784668,38.029998779296875,37.54999923706055,38.0099983215332,38.0099983215332,7862300
2022-01-13,38.04999923706055,38.5099983215332,37.86000061035156,38.45000076293945,38.45000076293945,7646100
2022-01-14,38.41999816894531,39.349998474121094,38.16999816894531,39.279998779296875,39.279998779296875,8022500
2022-01-18,39.04999923706055,39.11000061035156,38.0099983215332,38.150001525878906,38.150001525878906,9632700
2022-01-19,38.279998779296875,38.61000061035156,37.9900016784668,38.380001068115234,38.380001068115234,5019300
2022-01-20,38.380001068115234,38.65999984741211,38.08000183105469,38.11000061035156,38.11000061035156,4903500
2022-01-21,38.2599983215332,38.709999084472656,37.79999923706055,37.83000183105469,37.83000183105469,6089300
2022-01-24,38.0099983215332,38.279998779296875,37.369998931884766,38.16999816894531,38.16999816894531,10963700
2022-01-25,37.939998626708984,38.40999984741211,37.43000030517578,38.08000183105469,38.08000183105469,6712700
2022-01-26,37.709999084472656,38.13999938964844,37.16999816894531,37.40999984741211,37.40999984741211,10407900
2022-01-27,37.40999984741211,38.52000045776367,37.40999984741211,37.599998474121094,37.599998474121094,5411900
2022-01-28,37.310001373291016,37.66999816894531,37.060001373291016,37.63999938964844,37.63999938964844,8513700
2022-01-31,37.31999969482422,38.08000183105469,37.310001373291016,37.95000076293945,37.95000076293945,8517600
2022-02-01,37.9900016784668,38.189998626708984,37.47999954223633,38.13999938964844,38.13999938964844,5775200
2022-02-02,38.29999923706055,38.88999938964844,38.16999816894531,38.77000045776367,38.77000045776367,5636500
2022-02-03,38.7400016784668,39.04999923706055,38.41999816894531,38.75,38.75,7443700
2022-02-04,38.38999938964844,38.650001525878906,37.880001068115234,38.2400016784668,38.2400016784668,5495900
2022-02-07,38.33000183105469,38.72999954223633,38.150001525878906,38.56999969482422,38.56999969482422,5469300
2022-02-08,38.66999816894531,39.029998779296875,38.47999954223633,38.849998474121094,38.849998474121094,6673400
2022-02-09,39.09000015258789,39.130001068115234,38.58000183105469,38.68000030517578,38.68000030517578,4168700
2022-02-10,38.029998779296875,38.709999084472656,38.02000045776367,38.279998779296875,38.279998779296875,6926000
2022-02-11,38.20000076293945,38.41999816894531,37.939998626708984,38.029998779296875,38.029998779296875,7005400
2022-02-14,38.119998931884766,38.22999954223633,37.61000061035156,38.099998474121094,38.099998474121094,6406200
2022-02-15,38.41999816894531,38.619998931884766,37.88999938964844,37.93000030517578,37.93000030517578,5583500
2022-02-16,37.95000076293945,38.16999816894531,37.650001525878906,37.91999816894531,37.91999816894531,7719100
2022-02-17,38.38999938964844,38.38999938964844,37.65999984741211,37.91999816894531,37.91999816894531,5994200
2022-02-18,37.779998779296875,38.61000061035156,37.77000045776367,38.47999954223633,38.47999954223633,6686300
2022-02-22,38.540000915527344,38.75,38.150001525878906,38.56999969482422,38.56999969482422,6932600
2022-02-23,38.540000915527344,38.7400016784668,38.060001373291016,38.060001373291016,38.060001373291016,7046400
2022-02-24,37.22999954223633,37.619998931884766,35.91999816894531,36.650001525878906,36.650001525878906,7374500
2022-02-25,36.900001525878906,38.40999984741211,36.849998474121094,38.29999923706055,38.29999923706055,8460500
2022-02-28,37.400001525878906,38.709999084472656,37.34000015258789,38.66999816894531,38.66999816894531,7980600
2022-03-01,38.380001068115234,38.790000915527344,37.97999954223633,38.15999984741211,38.15999984741211,6055500
2022-03-02,38.38999938964844,38.779998779296875,38.04999923706055,38.61000061035156,38.61000061035156,3860000
2022-03-03,38.68000030517578,38.880001068115234,38.529998779296875,38.61000061035156,38.61000061035156,5555900
2022-03-04,38.220001220703125,39.029998779296875,37.91999816894531,38.880001068115234,38.880001068115234,6418500
2022-03-07,38.779998779296875,39.25,38.060001373291016,38.13999938964844,38.13999938964844,6681800
2022-03-08,38.11000061035156,38.36000061035156,37.13999938964844,37.209999084472656,37.209999084472656,6479500
2022-03-09,37.709999084472656,37.93000030517578,36.97999954223633,37.630001068115234,37.630001068115234,9897100
2022-03-10,37.15999984741211,38.25,36.5099983215332,37.20000076293945,37.20000076293945,8174500
2022-03-11,37.34000015258789,37.75,36.75,36.810001373291016,36.810001373291016,6844900
2022-03-14,36.849998474121094,37.189998626708984,36.84000015258789,37.040000915527344,37.040000915527344,7036600
2022-03-15,37.369998931884766,37.5099983215332,37.099998474121094,37.34000015258789,37.34000015258789,6329300
2022-03-16,37.209999084472656,37.650001525878906,36.7599983215332,37.459999084472656,37.459999084472656,9275300
2022-03-17,37.43000030517578,38.11000061035156,37.43000030517578,37.79999923706055,37.79999923706055,5815000
2022-03-18,37.790000915527344,37.91999816894531,37.439998626708984,37.810001373291016,37.810001373291016,8574100
2022-03-21,37.79999923706055,38.13999938964844,37.470001220703125,37.779998779296875,37.779998779296875,4065700
2022-03-22,37.33000183105469,37.9900016784668,37.33000183105469,37.83000183105469,37.83000183105469,4241800
2022-03-23,37.779998779296875,37.9900016784668,36.81999969482422,36.869998931884766,36.869998931884766,5153300
2022-03-24,37.040000915527344,37.279998779296875,36.810001373291016,37.2599983215332,37.2599983215332,3461400
2022-03-25,37.189998626708984,37.630001068115234,37.150001525878906,37.58000183105469,37.58000183105469,2957900
2022-03-28,37.68000030517578,38.02000045776367,37.36000061035156,38.0,38.0,3424200
2022-03-29,38.02000045776367,38.459999084472656,37.849998474121094,38.290000915527344,38.290000915527344,4116300
2022-03-30,38.06999969482422,38.310001373291016,37.86000061035156,38.150001525878906,38.150001525878906,3625700
2022-03-31,38.150001525878906,38.31999969482422,37.88999938964844,37.900001525878906,37.900001525878906,4288500
2022-04-01,37.959999084472656,38.2400016784668,37.7599983215332,38.2400016784668,38.2400016784668,2568200
2022-04-04,38.040000915527344,38.369998931884766,37.599998474121094,38.36000061035156,38.36000061035156,4516200
2022-04-05,38.04999923706055,38.220001220703125,36.88999938964844,36.95000076293945,36.95000076293945,10494800
2022-04-06,37.0,38.040000915527344,36.81999969482422,37.83000183105469,37.83000183105469,7593100
2022-04-07,37.810001373291016,37.849998474121094,37.290000915527344,37.61000061035156,37.61000061035156,4763400
2022-04-08,37.689998626708984,37.880001068115234,37.40999984741211,37.650001525878906,37.650001525878906,5913600
2022-04-11,37.779998779296875,38.040000915527344,37.58000183105469,37.59000015258789,37.59000015258789,4409100
2022-04-12,37.720001220703125,37.900001525878906,37.349998474121094,37.630001068115234,37.630001068115234,6237100
2022-04-13,37.779998779296875,37.86000061035156,37.459999084472656,37.65999984741211,37.65999984741211,6241700
2022-04-14,37.7400016784668,37.79999923706055,37.189998626708984,37.2400016784668,37.2400016784668,5109900
2022-04-18,37.20000076293945,37.470001220703125,36.58000183105469,36.779998779296875,36.779998779296875,8055300
2022-04-19,36.91999816894531,37.689998626708984,36.75,37.560001373291016,37.560001373291016,8806500
2022-04-20,37.70000076293945,38.04999923706055,37.529998779296875,38.0099983215332,38.0099983215332,6061600
2022-04-21,38.08000183105469,38.279998779296875,37.47999954223633,37.5099983215332,37.5099983215332,6735300
2022-04-22,37.59000015258789,37.65999984741211,36.97999954223633,37.0,37.0,5430500
2022-04-25,37.31999969482422,37.439998626708984,36.63999938964844,37.29999923706055,37.29999923706055,6044500
2022-04-26,37.290000915527344,37.650001525878906,37.02000045776367,37.04999923706055,37.04999923706055,7729200
2022-04-27,37.25,38.189998626708984,37.18000030517578,37.86000061035156,37.86000061035156,6655300
2022-04-28,37.369998931884766,38.279998779296875,36.68000030517578,37.9900016784668,37.9900016784668,7437900
2022-04-29,38.0,38.54999923706055,37.31999969482422,37.400001525878906,37.400001525878906,7760800
2022-05-02,37.52000045776367,37.86000061035156,36.029998779296875,36.529998779296875,36.529998779296875,9331600
2022-05-03,36.849998474121094,37.4900016784668,36.720001220703125,37.189998626708984,37.189998626708984,8822000
2022-05-04,37.09000015258789,37.310001373291016,36.56999969482422,37.220001220703125,37.220001220703125,9463700
2022-05-05,37.36000061035156,37.36000061035156,36.720001220703125,37.060001373291016,37.060001373291016,8480900
2022-05-06,36.970001220703125,37.189998626708984,36.540000915527344,36.959999084472656,36.959999084472656,7708800
2022-05-09,36.900001525878906,37.560001373291016,36.650001525878906,37.13999938964844,37.13999938964844,9552300
2022-05-10,37.45000076293945,37.66999816894531,36.619998931884766,37.0,37.0,8336100
2022-05-11,36.709999084472656,38.0099983215332,36.709999084472656,37.41999816894531,37.41999816894531,9595900
2022-05-12,37.40999984741211,37.5099983215332,36.5,36.86000061035156,36.86000061035156,14181500
2022-05-13,36.869998931884766,37.439998626708984,36.779998779296875,37.209999084472656,37.209999084472656,13123700
2022-05-16,37.13999938964844,37.40999984741211,36.849998474121094,36.97999954223633,36.97999954223633,11106400
2022-05-17,36.93000030517578,37.060001373291016,35.38999938964844,35.970001220703125,35.970001220703125,18922100
2022-05-18,35.90999984741211,35.93000030517578,34.4900016784668,34.52000045776367,34.52000045776367,12435500
2022-05-19,34.369998931884766,34.58000183105469,33.66999816894531,34.33000183105469,34.33000183105469,13273100
2022-05-20,34.619998931884766,34.66999816894531,33.560001373291016,34.58000183105469,34.58000183105469,12284500
2022-05-23,34.9900016784668,35.16999816894531,34.720001220703125,34.959999084472656,34.959999084472656,7168400
2022-05-24,34.959999084472656,35.310001373291016,34.72999954223633,35.290000915527344,35.290000915527344,10467900
2022-05-25,35.349998474121094,35.52000045776367,34.9900016784668,35.34000015258789,35.34000015258789,10498300
2022-05-26,35.380001068115234,35.77000045776367,35.27000045776367,35.529998779296875,35.529998779296875,10005700
2022-05-27,35.61000061035156,35.869998931884766,34.959999084472656,35.18000030517578,35.18000030517578,11456000
2022-05-31,35.08000183105469,35.099998474121094,34.52000045776367,34.7400016784668,34.7400016784668,35586700
2022-06-01,34.7400016784668,34.900001525878906,34.04999923706055,34.63999938964844,34.63999938964844,8627200
2022-06-02,34.7400016784668,35.33000183105469,34.22999954223633,35.31999969482422,35.31999969482422,10894500
2022-06-03,35.25,35.290000915527344,34.83000183105469,34.93000030517578,34.93000030517578,6982100
2022-06-06,37.25,37.31999969482422,36.2400016784668,36.70000076293945,36.70000076293945,23883000
2022-06-07,36.45000076293945,36.7599983215332,36.20000076293945,36.40999984741211,36.40999984741211,10389600
2022-06-08,36.220001220703125,36.380001068115234,35.88999938964844,36.029998779296875,36.029998779296875,10141800
2022-06-09,36.029998779296875,36.56999969482422,35.689998626708984,35.709999084472656,35.709999084472656,9569900
2022-06-10,35.349998474121094,35.79999923706055,35.20000076293945,35.4900016784668,35.4900016784668,9521100
2022-06-13,35.09000015258789,35.38999938964844,34.61000061035156,34.70000076293945,34.70000076293945,10588100
2022-06-14,34.88999938964844,35.0099983215332,34.15999984741211,34.400001525878906,34.400001525878906,10030300
2022-06-15,34.52000045776367,35.099998474121094,34.439998626708984,34.849998474121094,34.849998474121094,11669800
2022-06-16,34.52000045776367,34.900001525878906,34.31999969482422,34.439998626708984,34.439998626708984,18528000
2022-06-17,34.630001068115234,34.90999984741211,33.349998474121094,34.349998474121094,34.349998474121094,143326600
2022-06-21,34.189998626708984,35.27000045776367,34.11000061035156,34.939998626708984,34.939998626708984,15772000
2022-06-22,34.959999084472656,35.40999984741211,34.72999954223633,34.880001068115234,34.880001068115234,11467200
2022-06-23,35.06999969482422,35.38999938964844,34.93000030517578,35.209999084472656,35.209999084472656,11130900
2022-06-24,35.529998779296875,35.90999984741211,35.060001373291016,35.7599983215332,35.7599983215332,15239700
2022-06-27,35.7599983215332,36.04999923706055,35.709999084472656,35.88999938964844,35.88999938964844,6617300
2022-06-28,35.959999084472656,36.33000183105469,35.4900016784668,35.5099983215332,35.5099983215332,7036600
2022-06-29,35.65999984741211,35.959999084472656,35.52000045776367,35.68000030517578,35.68000030517578,7246400
2022-06-30,35.150001525878906,35.619998931884766,35.060001373291016,35.38999938964844,35.38999938964844,7680500
2022-07-01,35.220001220703125,36.15999984741211,35.040000915527344,36.06999969482422,36.06999969482422,5867300
2022-07-05,36.08000183105469,36.27000045776367,35.439998626708984,36.2599983215332,36.2599983215332,7186000
2022-07-06,36.290000915527344,36.459999084472656,35.869998931884766,35.95000076293945,35.95000076293945,8696200
2022-07-07,36.0,36.27000045776367,35.93000030517578,36.150001525878906,36.150001525878906,6471400
2022-07-08,36.220001220703125,36.33000183105469,35.810001373291016,36.20000076293945,36.20000076293945,7374600
2022-07-11,36.31999969482422,36.380001068115234,36.0,36.13999938964844,36.13999938964844,5827100
2022-07-12,36.25,36.630001068115234,36.099998474121094,36.29999923706055,36.29999923706055,6359800
2022-07-13,36.220001220703125,36.599998474121094,35.939998626708984,36.43000030517578,36.43000030517578,5349000
2022-07-14,35.88999938964844,36.43000030517578,35.83000183105469,36.38999938964844,36.38999938964844,6379600
2022-07-15,36.81999969482422,36.880001068115234,36.279998779296875,36.630001068115234,36.630001068115234,6345500
2022-07-18,36.66999816894531,36.68000030517578,36.040000915527344,36.15999984741211,36.15999984741211,6312700
2022-07-19,36.529998779296875,36.619998931884766,36.2599983215332,36.47999954223633,36.47999954223633,7134600
2022-07-20,36.47999954223633,36.52000045776367,36.130001068115234,36.310001373291016,36.310001373291016,5573700
2022-07-21,36.27000045776367,36.459999084472656,35.95000076293945,36.279998779296875,36.279998779296875,7490700
2022-07-22,36.45000076293945,36.599998474121094,36.18000030517578,36.43000030517578,36.43000030517578,5940500
2022-07-25,36.5,36.90999984741211,36.439998626708984,36.7599983215332,36.7599983215332,3873400
2022-07-26,36.77000045776367,37.130001068115234,36.529998779296875,37.06999969482422,37.06999969482422,6662300
2022-07-27,36.90999984741211,37.400001525878906,36.599998474121094,37.11000061035156,37.11000061035156,8090900
2022-07-28,37.439998626708984,38.540000915527344,36.9900016784668,38.5,38.5,9055800
2022-07-29,38.290000915527344,38.7599983215332,38.130001068115234,38.7400016784668,38.7400016784668,7316800
2022-08-01,38.849998474121094,39.41999816894531,38.810001373291016,38.90999984741211,38.90999984741211,8587400
2022-08-02,38.95000076293945,38.970001220703125,38.43000030517578,38.560001373291016,38.560001373291016,5576900
2022-08-03,38.61000061035156,39.150001525878906,38.25,39.099998474121094,39.099998474121094,5835500
2022-08-04,39.040000915527344,39.06999969482422,38.47999954223633,38.68000030517578,38.68000030517578,5533600
2022-08-05,38.59000015258789,38.7400016784668,38.099998474121094,38.720001220703125,38.720001220703125,5975200
2022-08-08,38.95000076293945,39.08000183105469,38.630001068115234,38.779998779296875,38.779998779296875,4719300
2022-08-09,38.939998626708984,39.279998779296875,38.79999923706055,39.11000061035156,39.11000061035156,7192600
2022-08-10,39.290000915527344,39.77000045776367,39.22999954223633,39.70000076293945,39.70000076293945,10802700
2022-08-11,39.84000015258789,40.06999969482422,38.97999954223633,39.02000045776367,39.02000045776367,7121600
2022-08-12,39.119998931884766,39.33000183105469,39.08000183105469,39.29999923706055,39.29999923706055,6209700
2022-08-15,39.25,40.0099983215332,39.22999954223633,39.95000076293945,39.95000076293945,5394000
2022-08-16,40.0,40.45000076293945,39.91999816894531,40.08000183105469,40.08000183105469,6640100
2022-08-17,40.09000015258789,40.36000061035156,39.90999984741211,40.04999923706055,40.04999923706055,6330800
2022-08-18,40.119998931884766,41.310001373291016,39.9900016784668,40.029998779296875,40.029998779296875,8202700
2022-08-19,39.95000076293945,40.27000045776367,39.779998779296875,39.959999084472656,39.959999084472656,11083500
2022-08-22,39.720001220703125,39.9900016784668,39.400001525878906,39.47999954223633,39.47999954223633,5536300
2022-08-23,39.34000015258789,39.70000076293945,39.27000045776367,39.4900016784668,39.4900016784668,4820900
2022-08-24,39.56999969482422,39.790000915527344,39.33000183105469,39.61000061035156,39.61000061035156,4097800
2022-08-25,39.61000061035156,39.81999969482422,39.4900016784668,39.689998626708984,39.689998626708984,4581500
2022-08-26,39.72999954223633,39.79999923706055,38.58000183105469,38.619998931884766,38.619998931884766,8000800
2022-08-29,38.43000030517578,39.02000045776367,38.349998474121094,38.79999923706055,38.79999923706055,5321600
2022-08-30,38.70000076293945,38.7400016784668,38.290000915527344,38.41999816894531,38.41999816894531,4506300
2022-08-31,38.599998474121094,38.630001068115234,38.04999923706055,38.119998931884766,38.119998931884766,6967800
2022-09-01,38.08000183105469,38.369998931884766,37.79999923706055,38.33000183105469,38.33000183105469,4412100
2022-09-02,38.54999923706055,38.810001373291016,37.650001525878906,37.83000183105469,37.83000183105469,5892500
2022-09-06,37.869998931884766,38.18000030517578,37.5099983215332,37.56999969482422,37.56999969482422,7344200
2022-09-07,37.720001220703125,38.41999816894531,37.689998626708984,38.34000015258789,38.34000015258789,5000900
2022-09-08,38.310001373291016,38.5099983215332,38.029998779296875,38.459999084472656,38.459999084472656,6240400
2022-09-09,38.540000915527344,38.900001525878906,38.33000183105469,38.689998626708984,38.689998626708984,5260500
2022-09-12,38.810001373291016,39.08000183105469,38.709999084472656,39.0099983215332,39.0099983215332,5026500
2022-09-13,38.650001525878906,38.90999984741211,37.58000183105469,37.689998626708984,37.689998626708984,7023500
2022-09-14,37.84000015258789,38.15999984741211,37.529998779296875,37.7400016784668,37.7400016784668,6900000
2022-09-15,37.79999923706055,38.06999969482422,37.15999984741211,37.22999954223633,37.22999954223633,8293500
2022-09-16,37.06999969482422,37.47999954223633,36.709999084472656,37.16999816894531,37.16999816894531,33297800
2022-09-19,37.2400016784668,37.849998474121094,36.900001525878906,37.77000045776367,37.77000045776367,7525200
2022-09-20,37.65999984741211,37.70000076293945,37.15999984741211,37.43000030517578,37.43000030517578,4492000
2022-09-21,37.66999816894531,37.95000076293945,37.150001525878906,37.15999984741211,37.15999984741211,6009900
2022-09-22,37.209999084472656,37.380001068115234,37.04999923706055,37.11000061035156,37.11000061035156,5758500
2022-09-23,37.029998779296875,37.119998931884766,36.619998931884766,37.08000183105469,37.08000183105469,5849100
2022-09-26,37.02000045776367,37.529998779296875,36.95000076293945,37.279998779296875,37.279998779296875,7144500
2022-09-27,36.77000045776367,36.97999954223633,35.91999816894531,35.970001220703125,35.970001220703125,10634800
2022-09-28,36.040000915527344,36.72999954223633,35.709999084472656,36.56999969482422,36.56999969482422,5853400
2022-09-29,36.58000183105469,36.58000183105469,35.79999923706055,36.119998931884766,36.119998931884766,6318400
2022-09-30,36.31999969482422,36.34000015258789,35.779998779296875,35.81999969482422,35.81999969482422,8143000
2022-10-03,35.93000030517578,36.90999984741211,35.810001373291016,36.869998931884766,36.869998931884766,11361500
2022-10-04,37.13999938964844,37.56999969482422,36.790000915527344,37.2599983215332,37.2599983215332,10721500
2022-10-05,37.22999954223633,37.689998626708984,36.84000015258789,37.439998626708984,37.439998626708984,5555400
2022-10-06,37.310001373291016,37.529998779296875,37.0099983215332,37.13999938964844,37.13999938964844,5237000
2022-10-07,37.20000076293945,37.20000076293945,36.45000076293945,36.5,36.5,7064800
2022-10-10,36.43000030517578,37.06999969482422,36.310001373291016,36.970001220703125,36.970001220703125,5683500
2022-10-11,37.099998474121094,38.0099983215332,37.060001373291016,37.54999923706055,37.54999923706055,10534900
2022-10-12,37.939998626708984,38.0,37.5099983215332,37.709999084472656,37.709999084472656,8563400
2022-10-13,37.209999084472656,38.2400016784668,36.9900016784668,38.13999938964844,38.13999938964844,6389600
2022-10-14,38.33000183105469,38.400001525878906,37.11000061035156,37.33000183105469,37.33000183105469,9240000
2022-10-17,37.650001525878906,38.0099983215332,37.54999923706055,37.7599983215332,37.7599983215332,5534100
2022-10-18,38.29999923706055,38.52000045776367,38.029998779296875,38.369998931884766,38.369998931884766,4471300
2022-10-19,38.349998474121094,38.5099983215332,37.5,37.779998779296875,37.779998779296875,5436500
2022-10-20,37.720001220703125,37.79999923706055,37.2400016784668,37.279998779296875,37.279998779296875,4461000
2022-10-21,37.279998779296875,37.70000076293945,37.0,37.619998931884766,37.619998931884766,6020900
2022-10-24,38.13999938964844,38.4900016784668,37.63999938964844,38.439998626708984,38.439998626708984,6972100
2022-10-25,38.54999923706055,38.630001068115234,38.13999938964844,38.54999923706055,38.54999923706055,5628700
2022-10-26,38.83000183105469,39.15999984741211,38.619998931884766,38.7599983215332,38.7599983215332,7665600
2022-10-27,37.619998931884766,38.130001068115234,37.25,38.11000061035156,38.11000061035156,7209100
2022-10-28,38.34000015258789,39.72999954223633,38.34000015258789,39.54999923706055,39.54999923706055,8038300
2022-10-31,38.959999084472656,39.150001525878906,38.5099983215332,38.84000015258789,38.84000015258789,6865800
2022-11-01,38.95000076293945,38.95000076293945,37.790000915527344,37.84000015258789,37.84000015258789,9435500
2022-11-02,37.84000015258789,37.970001220703125,36.91999816894531,36.97999954223633,36.97999954223633,10968100
2022-11-03,36.65999984741211,36.70000076293945,36.2599983215332,36.290000915527344,36.290000915527344,9893300
2022-11-04,36.58000183105469,37.04999923706055,36.349998474121094,36.97999954223633,36.97999954223633,7834200
2022-11-07,37.130001068115234,37.630001068115234,37.06999969482422,37.459999084472656,37.459999084472656,6723900
2022-11-08,37.459999084472656,38.130001068115234,37.38999938964844,37.939998626708984,37.939998626708984,5692000
2022-11-09,37.81999969482422,38.220001220703125,37.540000915527344,37.56999969482422,37.56999969482422,5343100
2022-11-10,38.33000183105469,38.5099983215332,37.13999938964844,37.939998626708984,37.939998626708984,10099000
2022-11-11,38.040000915527344,38.11000061035156,36.88999938964844,37.34000015258789,37.34000015258789,7058600
2022-11-14,37.41999816894531,37.470001220703125,36.4900016784668,36.540000915527344,36.540000915527344,11253700
2022-11-15,37.0099983215332,37.11000061035156,36.20000076293945,36.59000015258789,36.59000015258789,10151100
2022-11-16,36.88999938964844,37.029998779296875,36.54999923706055,36.689998626708984,36.689998626708984,7325700
2022-11-17,36.540000915527344,36.900001525878906,36.439998626708984,36.84000015258789,36.84000015258789,6967600
2022-11-18,37.13999938964844,37.45000076293945,37.02000045776367,37.41999816894531,37.41999816894531,8186900
2022-11-21,37.61000061035156,38.029998779296875,37.41999816894531,38.0,38.0,6913800
2022-11-22,38.310001373291016,38.459999084472656,38.189998626708984,38.33000183105469,38.33000183105469,5505100
2022-11-23,38.33000183105469,38.40999984741211,38.119998931884766,38.31999969482422,38.31999969482422,4740200
2022-11-25,38.25,38.40999984741211,38.119998931884766,38.25,38.25,3574300
2022-11-28,38.31999969482422,38.41999816894531,38.08000183105469,38.20000076293945,38.20000076293945,6261300
2022-11-29,38.09000015258789,38.36000061035156,37.86000061035156,38.099998474121094,38.099998474121094,6775100
2022-11-30,38.040000915527344,38.70000076293945,37.779998779296875,38.66999816894531,38.66999816894531,12768600
2022-12-01,38.77000045776367,38.849998474121094,38.560001373291016,38.709999084472656,38.709999084472656,6044200
2022-12-02,38.599998474121094,38.939998626708984,38.47999954223633,38.7400016784668,38.7400016784668,6806300
2022-12-05,38.33000183105469,38.33000183105469,37.66999816894531,37.959999084472656,37.959999084472656,5331800
2022-12-06,37.97999954223633,38.2400016784668,37.599998474121094,37.66999816894531,37.66999816894531,6213300
2022-12-07,37.9900016784668,38.0099983215332,37.65999984741211,37.939998626708984,37.939998626708984,6277400
2022-12-08,37.939998626708984,38.349998474121094,37.79999923706055,38.310001373291016,38.310001373291016,4679800
2022-12-09,38.380001068115234,38.380001068115234,37.900001525878906,37.93000030517578,37.93000030517578,7246400
2022-12-12,38.11000061035156,38.130001068115234,37.4900016784668,38.09000015258789,38.09000015258789,7400900
2022-12-13,38.630001068115234,38.689998626708984,37.459999084472656,37.63999938964844,37.63999938964844,8782600
2022-12-14,37.58000183105469,37.97999954223633,36.970001220703125,37.34000015258789,37.34000015258789,9561500
2022-12-15,37.040000915527344,37.22999954223633,36.38999938964844,36.630001068115234,36.630001068115234,11241900
2022-12-16,36.150001525878906,36.209999084472656,35.45000076293945,36.06999969482422,36.06999969482422,20447400
2022-12-19,36.11000061035156,36.66999816894531,36.02000045776367,36.31999969482422,36.31999969482422,9273100
2022-12-20,36.38999938964844,36.720001220703125,36.11000061035156,36.2599983215332,36.2599983215332,7863600
2022-12-21,36.5099983215332,36.66999816894531,36.209999084472656,36.529998779296875,36.529998779296875,5664000
2022-12-22,36.52000045776367,36.529998779296875,35.939998626708984,36.290000915527344,36.290000915527344,6452900
2022-12-23,36.41999816894531,36.4900016784668,36.16999816894531,36.369998931884766,36.369998931884766,4176600
2022-12-27,36.5,36.529998779296875,35.95000076293945,36.099998474121094,36.099998474121094,5069500
2022-12-28,36.220001220703125,36.33000183105469,35.72999954223633,35.77000045776367,35.77000045776367,3883300
2022-12-29,35.86000061035156,35.97999954223633,35.7400016784668,35.83000183105469,35.83000183105469,4215700
2022-12-30,35.83000183105469,35.83000183105469,35.380001068115234,35.65999984741211,35.65999984741211,4779800
2023-01-03,35.650001525878906,35.709999084472656,35.150001525878906,35.54999923706055,35.54999923706055,6040500
2023-01-04,35.83000183105469,35.869998931884766,35.33000183105469,35.84000015258789,35.84000015258789,6617400
2023-01-05,35.349998474121094,35.540000915527344,35.220001220703125,35.290000915527344,35.290000915527344,7552300
2023-01-06,35.560001373291016,36.38999938964844,35.47999954223633,36.2599983215332,36.2599983215332,8038600
2023-01-09,36.18000030517578,36.560001373291016,36.0099983215332,36.029998779296875,36.029998779296875,4344100
2023-01-10,36.0,36.16999816894531,35.4900016784668,35.689998626708984,35.689998626708984,4133800
2023-01-11,35.939998626708984,35.97999954223633,35.529998779296875,35.77000045776367,35.77000045776367,7269700
2023-01-12,35.63999938964844,35.75,35.290000915527344,35.56999969482422,35.56999969482422,5248600
2023-01-13,35.52000045776367,35.720001220703125,35.349998474121094,35.689998626708984,35.689998626708984,5821200
2023-01-17,35.869998931884766,36.09000015258789,35.650001525878906,35.72999954223633,35.72999954223633,7441900
2023-01-18,35.7400016784668,35.779998779296875,34.83000183105469,34.93000030517578,34.93000030517578,6286900
2023-01-19,34.849998474121094,34.91999816894531,34.349998474121094,34.36000061035156,34.36000061035156,11358300
2023-01-20,34.279998779296875,34.77000045776367,34.20000076293945,34.709999084472656,34.709999084472656,7148700
2023-01-23,34.70000076293945,34.95000076293945,34.529998779296875,34.689998626708984,34.689998626708984,4860800
2023-01-24,34.689998626708984,35.02000045776367,34.310001373291016,34.97999954223633,34.97999954223633,7954700
2023-01-25,34.90999984741211,34.9900016784668,34.599998474121094,34.959999084472656,34.959999084472656,4943600
2023-01-26,34.90999984741211,35.040000915527344,34.65999984741211,34.93000030517578,34.93000030517578,5554800
2023-01-27,34.849998474121094,34.88999938964844,34.529998779296875,34.70000076293945,34.70000076293945,6367200
2023-01-30,34.70000076293945,35.15999984741211,34.560001373291016,34.720001220703125,34.720001220703125,4571400
2023-01-31,35.06999969482422,35.29999923706055,34.7599983215332,35.279998779296875,35.279998779296875,5887700
2023-02-01,35.20000076293945,35.599998474121094,34.939998626708984,35.34000015258789,35.34000015258789,4645700
2023-02-02,35.20000076293945,35.29999923706055,34.84000015258789,35.209999084472656,35.209999084472656,6256600
2023-02-03,35.25,35.31999969482422,34.5099983215332,35.150001525878906,35.150001525878906,7050800
2023-02-06,35.13999938964844,35.29999923706055,34.970001220703125,35.220001220703125,35.220001220703125,6003300
2023-02-07,34.97999954223633,35.2599983215332,34.720001220703125,35.20000076293945,35.20000076293945,5858600
2023-02-08,35.119998931884766,35.209999084472656,34.79999923706055,34.869998931884766,34.869998931884766,4687400
2023-02-09,35.189998626708984,35.34000015258789,34.84000015258789,34.869998931884766,34.869998931884766,5883900
2023-02-10,35.040000915527344,35.349998474121094,34.70000076293945,35.279998779296875,35.279998779296875,9337400
2023-02-13,35.34000015258789,35.65999984741211,35.22999954223633,35.65999984741211,35.65999984741211,4040200
2023-02-14,35.599998474121094,35.63999938964844,35.15999984741211,35.38999938964844,35.38999938964844,8663600
2023-02-15,35.34000015258789,35.7400016784668,35.2400016784668,35.70000076293945,35.70000076293945,6004900
2023-02-16,35.689998626708984,36.0099983215332,35.369998931884766,35.900001525878906,35.900001525878906,8733000
2023-02-17,35.900001525878906,35.95000076293945,35.560001373291016,35.66999816894531,35.66999816894531,7953300
2023-02-21,35.619998931884766,35.689998626708984,35.130001068115234,35.54999923706055,35.54999923706055,7087700
2023-02-22,35.65999984741211,36.04999923706055,35.65999984741211,35.779998779296875,35.779998779296875,8021300
2023-02-23,35.779998779296875,36.22999954223633,35.15999984741211,36.11000061035156,36.11000061035156,6437900
2023-02-24,35.900001525878906,35.91999816894531,35.45000076293945,35.790000915527344,35.790000915527344,5762100
2023-02-27,35.880001068115234,35.91999816894531,35.27000045776367,35.369998931884766,35.369998931884766,12114900
2023-02-28,34.41999816894531,34.849998474121094,34.349998474121094,34.54999923706055,34.54999923706055,21571400
2023-03-01,34.41999816894531,34.41999816894531,34.0099983215332,34.189998626708984,34.189998626708984,8861700
2023-03-02,34.470001220703125,34.650001525878906,34.20000076293945,34.58000183105469,34.58000183105469,8231200
2023-03-03,34.560001373291016,34.68000030517578,34.279998779296875,34.54999923706055,34.54999923706055,8223900
2023-03-06,34.540000915527344,34.939998626708984,34.439998626708984,34.81999969482422,34.81999969482422,6975800
2023-03-07,34.83000183105469,35.02000045776367,34.540000915527344,34.83000183105469,34.83000183105469,6903600
2023-03-08,34.810001373291016,35.09000015258789,34.619998931884766,34.779998779296875,34.779998779296875,6891500
2023-03-09,34.88999938964844,35.09000015258789,34.5099983215332,34.560001373291016,34.560001373291016,6029600
2023-03-10,34.650001525878906,34.72999954223633,34.08000183105469,34.31999969482422,34.31999969482422,6530100
2023-03-13,34.38999938964844,34.900001525878906,34.22999954223633,34.25,34.25,7907400
2023-03-14,34.349998474121094,34.65999984741211,34.2400016784668,34.630001068115234,34.630001068115234,6526100
2023-03-15,34.529998779296875,34.9900016784668,34.40999984741211,34.91999816894531,34.91999816894531,8896800
2023-03-16,34.869998931884766,35.220001220703125,34.790000915527344,35.099998474121094,35.099998474121094,8895900
2023-03-17,35.029998779296875,35.279998779296875,34.79999923706055,34.86000061035156,34.86000061035156,15595200
2023-03-20,35.279998779296875,35.279998779296875,34.880001068115234,35.220001220703125,35.220001220703125,8142200
2023-03-21,35.27000045776367,35.34000015258789,34.900001525878906,35.150001525878906,35.150001525878906,12071100
2023-03-22,35.060001373291016,35.349998474121094,34.630001068115234,34.66999816894531,34.66999816894531,9456700
2023-03-23,34.54999923706055,34.68000030517578,34.060001373291016,34.11000061035156,34.11000061035156,11424200
2023-03-24,34.27000045776367,34.95000076293945,34.15999984741211,34.869998931884766,34.869998931884766,8625200
2023-03-27,35.0,35.40999984741211,34.9900016784668,35.099998474121094,35.099998474121094,9292000
2023-03-28,35.20000076293945,35.29999923706055,35.06999969482422,35.13999938964844,35.13999938964844,7743400
2023-03-29,35.279998779296875,35.34000015258789,35.15999984741211,35.290000915527344,35.290000915527344,6616300
2023-03-30,35.20000076293945,35.2599983215332,35.04999923706055,35.130001068115234,35.130001068115234,8181100
2023-03-31,35.40999984741211,35.41999816894531,35.16999816894531,35.279998779296875,35.279998779296875,11182900
2023-04-03,35.33000183105469,35.529998779296875,35.18000030517578,35.38999938964844,35.38999938964844,8911600
2023-04-04,35.41999816894531,35.45000076293945,35.2400016784668,35.36000061035156,35.36000061035156,6453900
2023-04-05,35.5,35.88999938964844,35.349998474121094,35.400001525878906,35.400001525878906,12154100
2023-04-06,35.43000030517578,35.88999938964844,35.43000030517578,35.63999938964844,35.63999938964844,8511600
2023-04-10,35.5,35.5099983215332,35.099998474121094,35.22999954223633,35.22999954223633,6801800
2023-04-11,35.27000045776367,35.40999984741211,35.150001525878906,35.25,35.25,5616900
2023-04-12,35.16999816894531,35.459999084472656,35.08000183105469,35.209999084472656,35.209999084472656,7503800
2023-04-13,35.189998626708984,35.31999969482422,34.84000015258789,35.2400016784668,35.2400016784668,6089700
2023-04-14,35.029998779296875,35.369998931884766,35.0099983215332,35.099998474121094,35.099998474121094,6577100
2023-04-17,35.2599983215332,35.41999816894531,35.15999984741211,35.38999938964844,35.38999938964844,5871700
2023-04-18,35.45000076293945,35.45000076293945,35.0,35.38999938964844,35.38999938964844,5223300
2023-04-19,35.5,35.599998474121094,35.310001373291016,35.349998474121094,35.349998474121094,5794500
2023-04-20,35.369998931884766,35.650001525878906,35.220001220703125,35.529998779296875,35.529998779296875,5106300
2023-04-21,35.68000030517578,35.7400016784668,35.25,35.310001373291016,35.310001373291016,7459800
2023-04-24,35.400001525878906,35.61000061035156,35.290000915527344,35.36000061035156,35.36000061035156,7346000
2023-04-25,35.290000915527344,35.9900016784668,35.2599983215332,35.88999938964844,35.88999938964844,10945900
2023-04-26,35.540000915527344,35.79999923706055,35.4900016784668,35.5,35.5,8548800
2023-04-27,34.630001068115234,34.650001525878906,32.93000030517578,33.540000915527344,33.540000915527344,17056900
2023-04-28,33.45000076293945,33.599998474121094,32.290000915527344,32.70000076293945,32.70000076293945,19267100
2023-05-01,32.65999984741211,32.970001220703125,32.529998779296875,32.56999969482422,32.56999969482422,9019000
2023-05-02,32.400001525878906,32.540000915527344,31.899999618530273,32.540000915527344,32.540000915527344,12960300
2023-05-03,32.40999984741211,33.09000015258789,32.22999954223633,32.790000915527344,32.790000915527344,13047900
2023-05-04,32.70000076293945,32.880001068115234,32.33000183105469,32.4900016784668,32.4900016784668,9702200
2023-05-05,32.650001525878906,33.310001373291016,32.599998474121094,33.22999954223633,33.22999954223633,11869800
2023-05-08,33.18000030517578,33.22999954223633,32.77000045776367,32.849998474121094,32.849998474121094,7797600
2023-05-09,32.84000015258789,32.900001525878906,32.619998931884766,32.709999084472656,32.709999084472656,6139300
2023-05-10,32.66999816894531,32.880001068115234,32.31999969482422,32.59000015258789,32.59000015258789,6270700
2023-05-11,32.47999954223633,32.59000015258789,32.33000183105469,32.43000030517578,32.43000030517578,6421700
2023-05-12,32.38999938964844,32.689998626708984,32.38999938964844,32.66999816894531,32.66999816894531,9123000
2023-05-15,32.75,32.810001373291016,32.2599983215332,32.36000061035156,32.36000061035156,5532700
2023-05-16,32.34000015258789,32.34000015258789,31.84000015258789,31.860000610351562,31.860000610351562,6446900
2023-05-17,31.889999389648438,32.15999984741211,31.729999542236328,32.119998931884766,32.119998931884766,7575100
2023-05-18,31.850000381469727,31.959999084472656,31.639999389648438,31.8700008392334,31.8700008392334,5969500
2023-05-19,32.0,32.09000015258789,31.770000457763672,31.829999923706055,31.829999923706055,4507800
2023-05-22,31.959999084472656,32.0099983215332,31.6200008392334,31.90999984741211,31.90999984741211,7028600
2023-05-23,32.060001373291016,32.06999969482422,31.860000610351562,32.02000045776367,32.02000045776367,6309600
2023-05-24,32.04999923706055,32.130001068115234,31.700000762939453,31.920000076293945,31.920000076293945,10550000
2023-05-25,31.559999465942383,31.709999084472656,31.270000457763672,31.549999237060547,31.549999237060547,9500400
2023-05-26,31.43000030517578,31.670000076293945,31.219999313354492,31.40999984741211,31.40999984741211,13065200
2023-05-30,31.280000686645508,31.56999969482422,30.8700008392334,31.0,31.0,11161900
2023-05-31,31.1299991607666,31.25,30.700000762939453,31.1200008392334,31.1200008392334,21178800
2023-06-01,31.329999923706055,31.329999923706055,31.030000686645508,31.170000076293945,31.170000076293945,7627000
2023-06-02,31.280000686645508,31.510000228881836,31.149999618530273,31.450000762939453,31.450000762939453,7180100
2023-06-05,31.530000686645508,31.850000381469727,31.290000915527344,31.309999465942383,31.309999465942383,5118300
2023-06-06,30.8799991607666,31.170000076293945,30.799999237060547,31.079999923706055,31.079999923706055,12374900
2023-06-07,31.010000228881836,31.360000610351562,30.799999237060547,31.309999465942383,31.309999465942383,10559100
2023-06-08,31.260000228881836,31.43000030517578,31.15999984741211,31.40999984741211,31.40999984741211,9675200
2023-06-09,31.309999465942383,31.350000381469727,31.170000076293945,31.309999465942383,31.309999465942383,6253800
2023-06-12,31.299999237060547,31.34000015258789,30.989999771118164,31.229999542236328,31.229999542236328,16030800
2023-06-13,31.260000228881836,31.559999465942383,31.149999618530273,31.520000457763672,31.520000457763672,10548300
2023-06-14,31.639999389648438,31.850000381469727,31.56999969482422,31.760000228881836,31.760000228881836,11167700
2023-06-15,31.989999771118164,31.989999771118164,31.709999084472656,31.760000228881836,31.760000228881836,14698800
2023-06-16,31.850000381469727,32.279998779296875,31.65999984741211,32.16999816894531,32.16999816894531,15546300
2023-06-20,32.06999969482422,32.20000076293945,31.920000076293945,31.93000030517578,31.93000030517578,7552400
2023-06-21,31.940000534057617,32.04999923706055,31.520000457763672,31.739999771118164,31.739999771118164,8777800
2023-06-22,31.889999389648438,32.029998779296875,31.729999542236328,31.920000076293945,31.920000076293945,10435600
2023-06-23,31.959999084472656,31.989999771118164,31.100000381469727,31.18000030517578,31.18000030517578,12388400
2023-06-26,31.149999618530273,31.200000762939453,30.8799991607666,31.1200008392334,31.1200008392334,6105000
2023-06-27,31.1200008392334,31.309999465942383,31.059999465942383,31.25,31.25,6715700
2023-06-28,31.100000381469727,31.100000381469727,30.709999084472656,30.899999618530273,30.899999618530273,6315300
2023-06-29,30.56999969482422,30.790000915527344,30.469999313354492,30.760000228881836,30.760000228881836,9003000
2023-06-30,30.8799991607666,31.31999969482422,30.81999969482422,31.270000457763672,31.270000457763672,7930900
2023-07-03,31.25,31.479999542236328,31.15999984741211,31.469999313354492,31.469999313354492,3517200
2023-07-05,31.420000076293945,31.760000228881836,31.239999771118164,31.75,31.75,7314600
2023-07-06,32.209999084472656,32.439998626708984,32.02000045776367,32.20000076293945,32.20000076293945,16423200
2023-07-07,32.029998779296875,32.09000015258789,31.719999313354492,31.760000228881836,31.760000228881836,9743600
2023-07-10,31.459999084472656,31.739999771118164,31.43000030517578,31.459999084472656,31.459999084472656,14525200
2023-07-11,31.56999969482422,31.56999969482422,31.290000915527344,31.389999389648438,31.389999389648438,8589700
2023-07-12,31.479999542236328,31.639999389648438,31.25,31.270000457763672,31.270000457763672,8681600
2023-07-13,31.299999237060547,31.549999237060547,31.25,31.510000228881836,31.510000228881836,7415200
2023-07-14,31.549999237060547,31.780000686645508,31.25,31.65999984741211,31.65999984741211,6955600
2023-07-17,31.639999389648438,31.899999618530273,31.469999313354492,31.610000610351562,31.610000610351562,5706800
2023-07-18,31.59000015258789,31.959999084472656,31.299999237060547,31.559999465942383,31.559999465942383,6802400
2023-07-19,31.709999084472656,32.099998474121094,31.690000534057617,31.889999389648438,31.889999389648438,5167000
2023-07-20,31.850000381469727,32.540000915527344,31.850000381469727,32.43000030517578,32.43000030517578,7862800
2023-07-21,32.619998931884766,32.790000915527344,32.439998626708984,32.58000183105469,32.58000183105469,23722800
2023-07-24,32.560001373291016,32.619998931884766,32.31999969482422,32.36000061035156,32.36000061035156,6954900
2023-07-25,32.29999923706055,32.369998931884766,32.11000061035156,32.31999969482422,32.31999969482422,5967100
2023-07-26,32.22999954223633,32.72999954223633,32.16999816894531,32.540000915527344,32.540000915527344,11678300
2023-07-27,33.83000183105469,34.36000061035156,33.689998626708984,33.7599983215332,33.7599983215332,21483200
2023-07-28,33.959999084472656,34.099998474121094,33.54999923706055,33.91999816894531,33.91999816894531,14640300
2023-07-31,33.65999984741211,34.06999969482422,33.2599983215332,34.0099983215332,34.0099983215332,17658200
2023-08-01,34.150001525878906,34.16999816894531,33.72999954223633,34.130001068115234,34.130001068115234,15290200
2023-08-02,34.15999984741211,34.65999984741211,34.06999969482422,34.459999084472656,34.459999084472656,13651200
2023-08-03,34.52000045776367,34.52000045776367,33.91999816894531,33.93000030517578,33.93000030517578,7095200
2023-08-04,33.81999969482422,33.970001220703125,33.56999969482422,33.599998474121094,33.599998474121094,6399400
2023-08-07,33.810001373291016,33.970001220703125,33.619998931884766,33.81999969482422,33.81999969482422,7038000
2023-08-08,33.70000076293945,33.77000045776367,33.22999954223633,33.43000030517578,33.43000030517578,7337300
2023-08-09,33.40999984741211,33.90999984741211,33.29999923706055,33.619998931884766,33.619998931884766,7467700
2023-08-10,33.77000045776367,33.91999816894531,33.38999938964844,33.400001525878906,33.400001525878906,6378100
2023-08-11,33.459999084472656,33.84000015258789,33.439998626708984,33.79999923706055,33.79999923706055,6298700
2023-08-14,33.959999084472656,34.040000915527344,33.63999938964844,33.7400016784668,33.7400016784668,5137800
2023-08-15,33.630001068115234,33.63999938964844,33.33000183105469,33.470001220703125,33.470001220703125,6187000
2023-08-16,34.08000183105469,34.310001373291016,33.779998779296875,33.849998474121094,33.849998474121094,10147900
2023-08-17,33.83000183105469,33.880001068115234,33.59000015258789,33.66999816894531,33.66999816894531,8022800
2023-08-18,33.619998931884766,33.84000015258789,33.58000183105469,33.75,33.75,6915600
2023-08-21,33.7599983215332,33.810001373291016,33.47999954223633,33.630001068115234,33.630001068115234,6137100
2023-08-22,33.5,33.77000045776367,33.380001068115234,33.45000076293945,33.45000076293945,8243900
2023-08-23,33.650001525878906,33.66999816894531,33.45000076293945,33.650001525878906,33.650001525878906,7307800
2023-08-24,33.619998931884766,33.88999938964844,33.38999938964844,33.43000030517578,33.43000030517578,8285000
2023-08-25,33.439998626708984,33.599998474121094,33.189998626708984,33.279998779296875,33.279998779296875,8166600
2023-08-28,33.47999954223633,33.72999954223633,33.38999938964844,33.70000076293945,33.70000076293945,5062300
2023-08-29,33.779998779296875,33.939998626708984,33.4900016784668,33.900001525878906,33.900001525878906,5021200
2023-08-30,33.90999984741211,33.97999954223633,33.70000076293945,33.77000045776367,33.77000045776367,4271900
2023-08-31,33.7400016784668,33.88999938964844,33.59000015258789,33.650001525878906,33.650001525878906,5056200
2023-09-01,33.7599983215332,33.79999923706055,33.52000045776367,33.54999923706055,33.54999923706055,6084000
2023-09-05,33.52000045776367,33.58000183105469,32.810001373291016,33.04999923706055,33.04999923706055,7560700
2023-09-06,33.06999969482422,33.2599983215332,33.029998779296875,33.20000076293945,33.20000076293945,6900600
2023-09-07,33.439998626708984,33.56999969482422,33.209999084472656,33.310001373291016,33.310001373291016,5628800
2023-09-08,33.34000015258789,33.470001220703125,33.20000076293945,33.36000061035156,33.36000061035156,5411200
2023-09-11,33.43000030517578,33.720001220703125,33.369998931884766,33.529998779296875,33.529998779296875,6079100
2023-09-12,33.5,33.58000183105469,33.18000030517578,33.2599983215332,33.2599983215332,6124700
2023-09-13,33.36000061035156,33.47999954223633,32.869998931884766,33.130001068115234,33.130001068115234,8433200
2023-09-14,33.130001068115234,33.7599983215332,33.130001068115234,33.66999816894531,33.66999816894531,10580900
2023-09-15,33.59000015258789,33.83000183105469,33.25,33.29999923706055,33.29999923706055,40430900
2023-09-18,33.41999816894531,33.68000030517578,33.13999938964844,33.650001525878906,33.650001525878906,8396500
2023-09-19,33.84000015258789,33.84000015258789,33.33000183105469,33.40999984741211,33.40999984741211,7679300
2023-09-20,33.459999084472656,33.900001525878906,33.41999816894531,33.77000045776367,33.77000045776367,6724100
2023-09-21,33.81999969482422,33.84000015258789,33.29999923706055,33.33000183105469,33.33000183105469,11674900
2023-09-22,33.27000045776367,33.4900016784668,33.099998474121094,33.119998931884766,33.119998931884766,6051000
2023-09-25,32.95000076293945,33.08000183105469,32.38999938964844,32.47999954223633,32.47999954223633,5659200
2023-09-26,32.470001220703125,32.529998779296875,32.150001525878906,32.15999984741211,32.15999984741211,6557800
2023-09-27,32.130001068115234,32.20000076293945,31.65999984741211,31.670000076293945,31.670000076293945,5324600
2023-09-28,31.559999465942383,31.6200008392334,31.290000915527344,31.459999084472656,31.459999084472656,5889300
2023-09-29,31.59000015258789,31.760000228881836,31.399999618530273,31.56999969482422,31.56999969482422,5919200
2023-10-02,31.479999542236328,31.530000686645508,31.040000915527344,31.209999084472656,31.209999084472656,6266600
2023-10-03,31.06999969482422,31.229999542236328,30.920000076293945,31.09000015258789,31.09000015258789,6459700
2023-10-04,31.209999084472656,31.739999771118164,31.139999389648438,31.700000762939453,31.700000762939453,9311400
2023-10-05,31.709999084472656,31.719999313354492,30.139999389648438,30.209999084472656,30.209999084472656,15400000
2023-10-06,30.079999923706055,30.139999389648438,29.18000030517578,30.06999969482422,30.06999969482422,10862900
2023-10-09,30.040000915527344,30.18000030517578,29.540000915527344,29.739999771118164,29.739999771118164,7824400
2023-10-10,29.979999542236328,30.3700008392334,29.719999313354492,30.290000915527344,30.290000915527344,8261900
2023-10-11,30.3700008392334,30.420000076293945,29.139999389648438,29.290000915527344,29.290000915527344,9754800
2023-10-12,29.18000030517578,29.239999771118164,27.65999984741211,27.899999618530273,27.899999618530273,16014100
2023-10-13,27.899999618530273,28.399999618530273,27.790000915527344,28.110000610351562,28.110000610351562,7916800
2023-10-16,28.25,28.530000686645508,27.809999465942383,28.510000228881836,28.510000228881836,8159600
2023-10-17,28.40999984741211,28.969999313354492,28.389999389648438,28.780000686645508,28.780000686645508,7096400
2023-10-18,28.84000015258789,29.110000610351562,28.700000762939453,28.790000915527344,28.790000915527344,4922200
2023-10-19,28.790000915527344,28.950000762939453,28.440000534057617,28.450000762939453,28.450000762939453,6685900
2023-10-20,28.479999542236328,28.90999984741211,28.399999618530273,28.649999618530273,28.649999618530273,9031600
2023-10-23,28.6299991607666,28.739999771118164,28.31999969482422,28.329999923706055,28.329999923706055,7710100
2023-10-24,28.420000076293945,29.260000228881836,28.399999618530273,29.110000610351562,29.110000610351562,9904500
2023-10-25,29.059999465942383,29.360000610351562,28.90999984741211,29.100000381469727,29.100000381469727,10816700
2023-10-26,30.8700008392334,31.06999969482422,29.18000030517578,29.510000228881836,29.510000228881836,14559400
2023-10-27,29.3700008392334,30.280000686645508,29.34000015258789,29.8700008392334,29.8700008392334,15490200
2023-10-30,30.0,30.260000228881836,29.809999465942383,30.020000457763672,30.020000457763672,13125700
2023-10-31,30.170000076293945,30.530000686645508,30.1200008392334,30.329999923706055,30.329999923706055,10628000
2023-11-01,30.420000076293945,30.6200008392334,30.209999084472656,30.459999084472656,30.459999084472656,9440600
2023-11-02,30.56999969482422,30.959999084472656,30.450000762939453,30.860000610351562,30.860000610351562,9706300
2023-11-03,31.1200008392334,31.559999465942383,31.06999969482422,31.1200008392334,31.1200008392334,9100700
2023-11-06,31.06999969482422,31.350000381469727,30.950000762939453,30.969999313354492,30.969999313354492,6155700
2023-11-07,30.969999313354492,31.149999618530273,30.829999923706055,31.0,31.0,8222300
2023-11-08,31.06999969482422,31.190000534057617,30.950000762939453,31.049999237060547,31.049999237060547,7223300
2023-11-09,31.260000228881836,31.260000228881836,30.8700008392334,30.899999618530273,30.899999618530273,7518300
2023-11-10,30.899999618530273,31.059999465942383,30.81999969482422,30.969999313354492,30.969999313354492,7836200
2023-11-13,30.959999084472656,31.3700008392334,30.860000610351562,31.280000686645508,31.280000686645508,6601800
2023-11-14,31.56999969482422,31.989999771118164,31.5,31.8799991607666,31.8799991607666,10032800
2023-11-15,31.940000534057617,32.0,31.780000686645508,31.889999389648438,31.889999389648438,7162700
2023-11-16,31.959999084472656,32.209999084472656,31.649999618530273,31.780000686645508,31.780000686645508,7302700
2023-11-17,31.950000762939453,31.950000762939453,31.450000762939453,31.729999542236328,31.729999542236328,6947400
2023-11-20,31.6200008392334,31.889999389648438,31.399999618530273,31.780000686645508,31.780000686645508,5239000
2023-11-21,31.700000762939453,32.02000045776367,31.670000076293945,31.90999984741211,31.90999984741211,5339700
2023-11-22,32.060001373291016,32.43000030517578,32.0099983215332,32.40999984741211,32.40999984741211,6123900
2023-11-24,32.369998931884766,32.7400016784668,32.369998931884766,32.619998931884766,32.619998931884766,3426100
2023-11-27,32.54999923706055,32.720001220703125,32.459999084472656,32.54999923706055,32.54999923706055,8790400
2023-11-28,32.54999923706055,32.68000030517578,32.18000030517578,32.2400016784668,32.2400016784668,7068100
